86,304,62,105,25,2,20,57,27,52,10,2,.345,.402,.638,1.040,11666667
113,445,62,144,35,0,11,47,61,89,0,1,.324,.404,.476,.880,23000000
142,514,54,165,34,0,12,68,29,116,0,0,.321,.358,.457,.816,2287500
147,551,89,176,27,2,23,109,66,121,1,0,.319,.396,.501,.897,560000
104,382,66,122,21,2,19,42,36,97,11,8,.319,.391,.534,.925,6000000
136,505,68,161,44,0,12,80,30,55,3,2,.319,.359,.477,.836,15000000
118,453,54,144,24,3,10,51,20,44,5,2,.318,.345,.450,.795,4000000
157,583,97,185,38,5,21,84,78,101,27,10,.317,.404,.508,.911,8583333
161,631,88,199,32,0,30,92,50,78,1,0,.315,.371,.509,.880,16000000
126,446,72,139,27,0,25,82,57,85,1,0,.312,.391,.540,.931,15775000
137,518,84,160,38,2,30,103,76,88,4,0,.309,.395,.564,.959,13000000
112,430,63,132,23,6,18,58,55,79,17,3,.307,.390,.514,.904,17250000
162,581,101,177,30,3,24,73,135,138,6,3,.305,.435,.491,.926,12666667
107,409,50,124,30,0,11,55,35,98,3,3,.303,.358,.457,.815,6000000
160,602,103,182,36,3,36,125,99,145,15,7,.302,.401,.551,.952,500000
160,641,91,193,42,2,9,84,73,75,17,5,.301,.372,.415,.787,6750000
159,605,68,182,36,0,14,83,54,62,0,2,.301,.355,.430,.785,12500000
158,579,89,174,37,3,24,93,76,110,5,2,.301,.384,.499,.883,492500
141,520,103,156,31,1,22,94,69,86,6,1,.300,.389,.490,.879,17142857
89,240,31,72,7,0,13,34,23,36,0,1,.300,.365,.492,.856,1750000
158,549,54,164,33,0,13,75,44,77,3,1,.299,.348,.430,.778,2000000
71,195,16,58,11,0,1,22,8,32,0,0,.297,.320,.369,.690,800000
127,488,57,145,23,3,2,31,45,34,2,0,.297,.357,.369,.726,6666667
122,478,55,142,21,4,13,54,23,89,6,3,.297,.335,.439,.775,8375000
71,229,19,68,11,0,4,22,6,26,0,2,.297,.315,.397,.713,875000
86,216,34,64,18,2,9,43,22,67,1,0,.296,.362,.523,.885,508500
93,382,58,113,20,0,10,37,34,47,15,6,.296,.353,.427,.780,17666666
148,520,61,153,34,1,15,72,60,70,2,1,.294,.371,.450,.821,18555555
146,588,74,173,20,10,12,49,25,84,44,13,.294,.329,.423,.752,492000
157,583,69,171,32,0,22,100,47,98,1,0,.293,.342,.461,.803,22000000
138,496,48,145,25,3,13,79,21,63,0,0,.292,.323,.433,.757,1400000
81,195,16,57,7,2,1,16,14,24,3,2,.292,.336,.364,.701,900000
121,449,63,131,22,1,21,79,15,109,4,1,.292,.315,.486,.801,491000
154,603,80,175,45,2,15,75,50,91,1,0,.290,.344,.446,.791,2400000
150,509,76,147,39,4,17,67,52,125,5,2,.289,.360,.481,.841,531500
162,582,62,168,27,0,15,82,79,102,0,0,.289,.374,.412,.787,7500000
143,465,67,134,26,1,23,67,51,103,1,0,.288,.357,.497,.854,5150000
160,584,103,167,42,1,53,138,72,199,4,1,.286,.370,.634,1.004,3300000
161,658,92,188,38,4,13,78,32,95,23,3,.286,.319,.415,.733,2925000
158,637,68,181,39,2,6,48,26,68,30,9,.284,.313,.380,.693,8125000
131,476,73,135,25,6,18,69,45,79,8,3,.284,.348,.475,.823,12142857
95,381,54,108,15,5,4,31,41,69,37,12,.283,.355,.381,.736,1275000
92,304,43,86,18,0,12,49,36,55,0,1,.283,.370,.461,.831,12000000
155,609,70,172,36,2,14,82,47,53,3,5,.282,.333,.417,.750,10000000
97,334,34,94,11,0,6,45,32,47,6,0,.281,.341,.368,.710,1120000
47,121,12,34,8,0,1,13,14,23,1,1,.281,.367,.372,.739,1500000
80,228,28,64,14,2,9,44,19,45,1,0,.281,.332,.478,.810,3000000
147,521,59,146,25,6,18,82,46,69,9,1,.280,.340,.455,.795,2200000
158,600,77,168,38,3,20,80,43,145,21,6,.280,.331,.453,.784,3800000
162,624,82,174,36,0,25,106,75,117,1,1,.279,.362,.457,.819,23777778
132,388,47,108,22,2,12,50,30,81,5,0,.278,.331,.438,.769,7000000
141,525,52,146,27,2,14,79,47,79,0,0,.278,.341,.417,.758,5716667
136,545,85,151,31,2,13,72,51,59,15,11,.277,.344,.413,.757,15000000
120,435,63,120,35,1,18,56,50,130,2,1,.276,.350,.485,.835,496600
147,568,84,156,26,2,26,79,60,133,6,0,.275,.344,.465,.809,9000000
113,380,41,104,23,0,8,32,34,97,2,0,.274,.349,.397,.746,503000
80,190,10,52,8,1,4,24,14,31,0,0,.274,.327,.389,.716,490000
121,425,68,116,40,0,14,65,43,139,4,1,.273,.338,.466,.804,4500000
134,503,48,137,24,1,17,70,11,76,1,1,.272,.297,.425,.722,7500000
78,287,29,78,9,0,16,59,15,42,0,1,.272,.307,.470,.777,501250
156,620,91,168,17,4,4,67,52,97,42,8,.271,.328,.331,.659,4800000
138,550,68,149,33,5,6,54,23,59,12,7,.271,.301,.382,.683,8750000
70,207,31,56,12,0,3,21,38,45,2,1,.271,.387,.372,.759,1800000
126,433,46,117,13,2,6,48,26,74,4,1,.270,.323,.351,.674,4375000
17,52,12,14,3,0,3,8,8,9,0,0,.269,.377,.500,.877,515350
160,614,91,165,39,3,32,88,70,162,1,0,.269,.343,.498,.842,13600000
92,310,30,83,16,0,5,37,18,39,1,0,.268,.320,.368,.688,5000000
103,371,46,99,22,1,5,24,28,56,5,1,.267,.322,.372,.694,2925000
80,286,34,76,20,2,11,43,23,95,0,0,.266,.319,.465,.784,25000000
159,601,66,158,27,0,25,76,38,73,2,1,.263,.306,.433,.738,7416667
138,462,53,121,26,1,9,60,47,106,1,2,.262,.340,.381,.721,3150000
151,606,80,158,24,2,18,103,39,98,5,3,.261,.310,.396,.706,12083333
147,457,66,119,21,6,8,49,28,104,36,9,.260,.313,.385,.698,3100000
160,615,79,160,32,2,22,69,68,122,9,3,.260,.338,.426,.764,510400
90,304,38,79,17,4,3,28,20,51,10,3,.260,.307,.372,.679,533300
139,498,79,129,38,2,23,92,73,187,1,1,.259,.360,.482,.842,5000000
118,290,25,75,15,1,2,22,8,34,4,3,.259,.278,.338,.616,501250
102,356,43,91,13,0,20,57,39,66,0,1,.256,.336,.461,.796,12000000
145,446,73,114,23,3,30,87,50,140,4,2,.256,.337,.522,.859,1600000
107,401,41,102,18,3,11,46,30,68,9,5,.254,.315,.397,.712,500000
151,567,74,144,30,3,12,63,26,102,0,0,.254,.284,.381,.665,527500
136,264,29,67,18,0,7,36,44,51,1,0,.254,.361,.402,.762,1750000
129,477,44,121,22,1,14,52,34,112,2,1,.254,.309,.392,.701,520000
124,442,57,112,29,8,13,67,54,124,6,0,.253,.333,.443,.777,9500000
160,600,65,151,36,2,6,39,59,93,22,6,.252,.318,.348,.667,11000000
133,478,62,120,24,4,16,53,50,85,1,2,.251,.339,.418,.757,3300000
60,88,10,22,1,2,3,14,2,10,2,0,.250,.290,.409,.699,503000
141,520,59,130,35,2,13,50,67,142,8,4,.250,.347,.400,.747,8575000
102,361,33,90,13,1,3,34,23,57,3,1,.249,.305,.316,.621,491500
100,277,38,69,15,2,7,32,30,65,0,1,.249,.320,.394,.714,496500
77,265,33,66,12,1,8,39,26,44,3,1,.249,.312,.392,.704,10000000
92,233,23,58,13,1,7,21,17,61,0,1,.249,.310,.403,.713,495000
149,499,52,124,24,3,9,43,42,96,1,2,.248,.311,.363,.674,530000
63,129,8,32,4,0,3,19,7,29,0,0,.248,.300,.349,.649,502500
135,485,49,120,28,1,14,55,48,99,1,0,.247,.314,.396,.710,3500000
98,264,41,65,16,0,9,30,37,71,5,0,.246,.345,.409,.754,492500
54,163,20,40,9,0,9,22,20,60,1,2,.245,.328,.466,.794,2750000
134,408,46,100,14,3,13,40,37,79,0,1,.245,.305,.390,.695,490500
126,467,41,114,16,0,12,54,45,74,0,0,.244,.313,.355,.669,12500000
85,293,32,71,13,4,6,36,38,56,0,0,.242,.333,.375,.709,491500
73,256,27,62,10,1,6,34,38,52,0,0,.242,.340,.359,.700,8000000
136,508,66,123,35,2,14,64,35,114,9,3,.242,.299,.402,.700,8250000
96,269,25,65,13,1,1,18,26,54,2,0,.242,.310,.309,.618,1750000
152,543,56,131,25,0,21,77,30,96,0,1,.241,.286,.403,.690,491800
91,253,27,61,13,2,9,40,30,63,1,1,.241,.326,.415,.741,2750000
142,445,43,107,24,1,14,59,36,111,2,0,.240,.295,.393,.688,1250000
61,179,10,43,8,0,0,16,13,24,0,0,.240,.295,.285,.580,1000000
115,390,43,93,17,1,10,52,45,78,0,2,.238,.318,.364,.682,2000000
103,323,31,77,13,0,9,42,24,61,0,2,.238,.287,.362,.649,497500
131,454,53,108,19,0,20,50,64,119,0,0,.238,.334,.412,.746,495100
100,236,22,56,8,1,1,25,11,46,4,4,.237,.272,.292,.564,490000
152,511,70,121,19,3,20,62,72,131,4,1,.237,.332,.403,.735,12000000
146,368,35,87,14,4,5,32,22,57,4,2,.236,.282,.337,.619,497400
88,204,23,48,12,1,7,36,28,49,0,0,.235,.326,.407,.733,750000
148,523,59,123,29,0,22,79,43,104,2,0,.235,.287,.417,.704,5500000
70,205,13,48,5,4,6,19,13,45,1,0,.234,.283,.385,.668,490000
158,607,57,142,20,4,4,52,19,84,22,0,.234,.259,.300,.559,2625000
144,403,41,94,26,2,15,51,31,101,2,0,.233,.289,.419,.708,4500000
114,373,35,87,19,0,13,44,26,98,1,0,.233,.290,.389,.679,3000000
99,283,26,66,14,0,2,18,22,63,2,1,.233,.290,.304,.594,1500000
136,472,42,110,26,0,12,42,32,83,2,4,.233,.287,.364,.651,524500
152,558,70,130,22,2,36,100,48,186,2,0,.233,.296,.473,.770,700000
160,606,71,141,40,2,23,80,76,127,6,5,.233,.323,.419,.742,5857142
147,462,60,107,24,1,23,60,45,117,0,0,.232,.299,.437,.736,502700
116,413,44,95,14,0,11,42,51,110,0,0,.230,.318,.344,.662,12000000
102,330,39,75,14,1,11,47,44,112,0,0,.227,.317,.376,.693,2950000
127,438,51,99,21,0,15,55,58,108,9,5,.226,.327,.377,.703,8500000
64,191,16,43,5,0,7,20,10,60,0,0,.225,.287,.361,.648,495000
94,289,30,65,17,0,11,36,16,56,1,0,.225,.270,.398,.668,492900
115,325,40,73,15,0,11,39,68,100,0,1,.225,.358,.372,.731,5166667
80,205,27,46,8,1,1,14,21,32,0,1,.224,.298,.288,.586,2100000
48,85,11,19,4,0,3,12,5,17,0,0,.224,.272,.376,.648,494000
148,506,64,113,24,2,29,82,70,212,2,0,.223,.320,.451,.770,494000
79,262,35,58,14,1,13,36,18,104,1,1,.221,.284,.431,.716,495000
134,403,44,89,17,0,9,44,33,115,15,6,.221,.281,.330,.611,495000
78,209,29,46,6,1,1,18,20,24,16,3,.220,.288,.273,.561,1050000
62,105,12,23,2,0,0,5,6,24,0,0,.219,.261,.238,.499,490000
28,105,12,23,7,0,2,8,8,31,0,0,.219,.305,.343,.648,12000000
108,331,34,72,15,1,12,37,53,63,1,4,.218,.331,.378,.708,930000
41,115,9,25,6,0,3,14,5,24,0,0,.217,.262,.348,.610,505000
143,410,44,89,20,0,1,35,34,91,3,1,.217,.275,.273,.548,490000
83,139,12,30,5,1,1,14,19,38,0,0,.216,.317,.288,.605,2000000
36,102,11,22,5,0,4,10,11,42,1,0,.216,.298,.382,.681,3100000
50,135,17,29,7,0,6,19,13,49,0,1,.215,.280,.400,.680,490840
62,112,15,24,4,1,1,10,9,20,9,2,.214,.268,.295,.563,1700000
75,220,22,47,6,1,6,19,19,54,6,1,.214,.281,.332,.613,499000
68,197,21,42,7,0,9,26,18,45,0,0,.213,.280,.386,.666,496000
109,294,28,62,6,0,4,25,30,49,4,0,.211,.293,.272,.566,515100
108,304,22,64,15,0,5,23,14,70,0,0,.211,.249,.309,.558,5250000
63,129,6,27,8,0,0,11,9,13,0,0,.209,.259,.271,.530,800000
141,501,49,104,25,1,7,41,36,64,4,2,.208,.266,.303,.569,562200
103,317,37,65,14,0,9,33,57,101,4,0,.205,.326,.334,.661,3125000
33,74,5,15,2,0,4,9,5,23,0,0,.203,.250,.392,.642,800000
82,262,31,53,8,1,12,37,32,79,2,0,.202,.301,.378,.679,2000000
75,222,17,44,8,0,2,21,29,27,0,1,.198,.306,.261,.567,1333333
84,256,24,50,11,0,10,24,14,94,0,1,.195,.247,.355,.603,510000
138,474,45,92,18,0,21,55,18,148,0,2,.194,.227,.365,.592,505600
26,68,8,13,4,0,2,10,7,22,0,0,.191,.275,.338,.613,493000
17,63,8,12,1,0,1,7,8,10,0,0,.190,.288,.254,.542,17000000
27,69,6,13,1,0,1,2,5,20,0,0,.188,.263,.246,.510,494000
43,86,5,16,7,0,1,6,5,21,0,0,.186,.237,.302,.539,575000
46,92,5,17,4,0,1,6,4,30,0,0,.185,.219,.261,.480,499000
71,186,21,34,8,0,9,31,23,56,0,1,.183,.282,.371,.653,750000
73,232,14,42,7,1,5,29,21,76,0,0,.181,.251,.284,.535,1500000
50,105,5,19,3,0,1,7,2,32,0,0,.181,.204,.238,.442,1250000
46,100,13,18,4,0,5,12,24,42,1,0,.180,.349,.370,.719,1000000
136,448,60,80,10,3,22,55,77,171,2,0,.179,.309,.362,.671,12400000
52,52,2,9,3,0,1,6,6,17,0,0,.173,.259,.288,.547,1350000
67,183,13,31,7,1,4,22,13,53,0,0,.169,.236,.284,.520,494000
2,6,0,1,1,0,0,0,0,2,0,0,.167,.167,.333,.500,500000
47,57,9,9,2,0,0,3,5,19,0,1,.158,.238,.193,.431,2500000
15,53,5,8,1,0,3,12,8,19,0,0,.151,.270,.340,.609,22500000
6,20,0,0,0,0,0,1,1,1,0,0,.000,.048,.000,.048,700000
3,3,0,0,0,0,0,0,2,0,0,0,.000,.400,.000,.400,1000000
15,41,8,14,1,0,1,6,7,6,3,0,.341,.429,.439,.868,875000
158,660,85,225,47,3,7,59,36,53,56,9,.341,.377,.453,.830,3125000
109,288,46,98,21,1,7,43,28,58,6,1,.340,.404,.493,.897,1000000
91,315,71,107,18,1,21,52,50,57,1,1,.340,.432,.603,1.035,15775000
151,561,87,188,33,0,32,103,70,42,3,2,.335,.409,.565,.974,12500000
49,190,32,63,15,1,10,31,14,30,3,0,.332,.376,.579,.955,10500000
156,611,94,200,45,2,20,97,52,56,23,1,.327,.385,.506,.890,6250000
148,549,79,178,33,1,19,77,57,74,1,1,.324,.388,.492,.879,16000000
96,290,38,93,24,2,6,40,28,48,0,0,.321,.381,.479,.860,7000000
135,502,62,160,32,3,17,82,34,60,0,3,.319,.364,.496,.860,6250000
145,556,80,176,35,2,36,107,51,131,3,1,.317,.383,.581,.964,11333333
143,520,77,164,38,7,13,52,22,81,18,7,.315,.347,.490,.837,513000
157,595,77,187,37,2,14,82,61,68,10,3,.314,.382,.454,.836,24000000
146,548,89,172,38,6,25,83,84,115,18,3,.314,.410,.542,.952,8583333
159,611,101,191,52,1,25,109,60,117,1,1,.313,.371,.524,.895,29200000
103,386,36,120,23,0,9,54,15,77,0,1,.311,.337,.440,.777,7500000
147,547,72,170,28,2,22,89,47,69,0,1,.311,.364,.490,.854,18555555
26,104,13,32,5,0,5,18,6,19,0,1,.308,.339,.500,.839,7700000
14,23,4,7,3,0,0,0,3,4,0,0,.304,.385,.435,.819,518000
140,413,52,125,16,3,3,46,28,78,6,3,.303,.372,.378,.750,3250000
75,265,41,80,19,6,7,24,19,46,14,3,.302,.353,.498,.851,507000
83,242,27,73,11,1,7,30,10,51,2,0,.302,.337,.442,.779,1000000
147,610,94,184,39,8,5,37,50,65,31,7,.302,.355,.416,.771,3300000
133,471,55,142,29,4,5,53,24,108,28,5,.301,.339,.412,.751,546000
49,146,18,44,11,1,2,13,11,41,1,0,.301,.370,.432,.802,700000
139,568,81,171,35,3,16,73,43,67,6,2,.301,.351,.458,.808,8000000
153,585,73,176,53,2,13,69,66,71,4,4,.301,.373,.465,.837,2200000
109,406,75,122,39,1,19,69,64,110,9,3,.300,.396,.542,.938,6400000
123,486,76,146,26,10,1,35,43,83,15,9,.300,.362,.401,.763,511000
105,343,56,103,14,3,8,46,16,55,23,6,.300,.339,.429,.767,20285714
96,383,56,115,21,2,3,27,25,53,16,6,.300,.342,.389,.731,10000000
148,558,92,165,37,9,16,69,67,124,11,7,.296,.382,.480,.863,6000000
49,136,9,40,5,0,0,10,12,27,0,1,.294,.362,.331,.693,1000000
157,617,85,181,33,5,7,75,48,110,14,5,.293,.347,.397,.744,8375000
135,495,73,144,29,6,13,56,33,131,30,11,.291,.356,.453,.808,5166666
111,379,45,110,20,0,11,67,59,78,4,4,.290,.402,.430,.832,8500000
155,600,59,174,27,0,9,69,41,80,4,0,.290,.336,.380,.716,7000000
148,609,92,176,24,12,2,34,31,107,64,19,.289,.326,.378,.704,515000
132,388,67,112,22,4,15,43,30,136,20,3,.289,.339,.482,.821,4100000
137,440,55,127,31,3,9,54,22,67,6,3,.289,.320,.434,.754,504000
143,596,79,172,37,2,9,57,39,86,13,5,.289,.332,.403,.734,5700000
142,527,55,152,34,5,15,68,26,114,3,2,.288,.321,.457,.779,516000
154,593,82,171,27,3,19,72,31,96,28,10,.288,.335,.440,.775,501000
162,607,93,175,43,4,18,78,90,145,3,4,.288,.386,.461,.847,16875000
20,73,6,21,1,1,0,2,0,14,1,0,.288,.297,.329,.626,517500
131,452,37,130,34,0,3,61,34,46,0,1,.288,.345,.383,.727,2750000
145,539,89,155,31,1,37,105,94,170,13,1,.288,.395,.555,.950,6500000
157,602,115,173,39,9,36,111,83,184,16,2,.287,.377,.561,.939,1000000
160,616,56,177,29,1,4,76,67,102,4,2,.287,.355,.357,.712,1100000
153,613,111,176,39,6,21,83,58,104,17,3,.287,.351,.473,.824,1800000
111,432,58,124,34,2,18,61,25,58,2,1,.287,.328,.500,.828,500000
143,610,94,175,33,4,9,51,38,73,30,2,.287,.328,.398,.726,17666666
140,524,89,150,28,1,32,78,73,116,5,4,.286,.386,.527,.913,5857142
142,549,71,157,33,2,17,83,23,89,4,3,.286,.319,.446,.765,13000000
155,553,101,158,27,0,35,103,104,96,6,2,.286,.403,.524,.928,13000000
133,494,47,141,23,1,15,66,21,75,3,0,.285,.330,.427,.757,12000000
132,491,63,140,22,6,1,43,43,49,17,8,.285,.349,.360,.710,1918750
162,579,74,165,34,5,3,50,23,83,31,6,.285,.317,.377,.694,2625000
143,359,42,102,13,2,1,22,21,68,15,3,.284,.324,.340,.664,6500000
148,574,95,163,34,4,23,73,47,141,34,12,.284,.356,.477,.833,8000000
144,582,94,165,30,6,9,54,70,137,21,7,.284,.362,.402,.764,505000
128,449,64,127,35,0,13,71,56,84,14,5,.283,.369,.448,.817,11666667
130,464,50,131,31,5,7,57,36,78,0,4,.282,.336,.416,.752,512000
110,404,40,114,21,0,7,38,28,55,1,1,.282,.333,.386,.719,15000000
80,174,14,49,5,2,0,17,7,26,1,2,.282,.314,.333,.647,2500000
116,416,46,117,24,3,4,47,20,87,13,4,.281,.321,.382,.703,506636
81,224,29,63,13,1,6,28,18,70,2,4,.281,.337,.429,.766,2000000
106,449,68,126,23,5,4,29,33,98,12,2,.281,.331,.381,.711,2750000
131,492,54,138,30,8,4,54,23,93,17,9,.280,.311,.398,.709,9976429
61,214,26,60,19,1,5,38,22,37,0,0,.280,.342,.449,.790,16666666
142,478,62,134,29,1,13,59,39,99,3,1,.280,.343,.427,.770,510800
157,588,68,164,26,3,16,73,39,85,0,0,.279,.324,.415,.739,5716667
131,438,48,122,32,3,16,61,31,121,0,0,.279,.336,.475,.811,6000000
156,589,77,164,30,4,7,68,36,62,16,9,.278,.321,.379,.700,8750000
135,485,61,135,25,3,21,74,24,120,0,0,.278,.313,.472,.785,3833333
82,327,38,91,14,0,12,32,20,68,2,0,.278,.324,.431,.755,519000
47,133,15,37,6,0,1,14,4,32,1,1,.278,.297,.346,.643,2900000
135,551,72,153,33,0,7,53,51,75,6,6,.278,.337,.376,.712,13750000
120,455,60,126,27,2,4,55,60,96,3,0,.277,.361,.371,.732,23000000
162,650,106,180,29,10,20,74,52,130,13,6,.277,.332,.445,.777,18000000
116,434,61,120,21,4,8,35,66,108,11,4,.276,.375,.399,.774,5800000
146,536,53,148,20,10,1,34,26,86,7,5,.276,.308,.356,.664,2200000
159,591,83,163,41,0,27,116,56,112,1,1,.276,.335,.482,.817,22000000
155,642,81,177,27,1,14,50,62,84,4,2,.276,.342,.386,.729,11016667
161,684,100,188,40,4,17,92,29,79,15,4,.275,.307,.420,.727,15000000
133,433,52,119,35,2,6,37,24,93,1,1,.275,.315,.406,.721,507500
139,481,40,132,22,0,12,69,32,76,3,0,.274,.317,.395,.712,4000000
155,533,68,146,13,7,7,40,39,114,31,12,.274,.325,.364,.689,3100000
114,384,54,105,25,0,25,80,41,103,1,3,.273,.359,.534,.893,525000
158,622,82,170,35,2,15,74,24,81,21,4,.273,.305,.408,.713,8125000
157,597,88,163,22,1,29,80,52,139,20,8,.273,.336,.459,.795,600000
78,231,38,63,11,3,8,34,26,59,4,5,.273,.341,.450,.791,2300000
158,595,99,162,33,2,8,59,95,111,5,3,.272,.375,.375,.750,8666666
146,570,83,155,34,3,10,52,75,84,10,5,.272,.354,.395,.749,7000000
127,493,90,134,31,3,17,58,38,104,5,3,.272,.325,.450,.776,506000
156,574,83,156,37,0,20,90,74,100,4,1,.272,.370,.441,.811,17142857
137,512,74,139,25,3,23,76,45,88,2,2,.271,.342,.467,.809,5750000
151,549,57,149,32,0,9,66,41,96,0,0,.271,.323,.379,.702,7500000
149,575,71,156,27,5,16,70,49,93,39,5,.271,.328,.419,.747,21857143
159,613,87,166,32,2,40,108,55,140,4,5,.271,.333,.525,.859,8000000
149,573,74,155,26,3,11,58,67,98,20,4,.271,.351,.384,.735,6650000
131,503,54,136,35,1,9,58,35,93,4,2,.270,.318,.398,.716,3600000
154,566,77,153,34,2,29,102,60,171,8,4,.270,.342,.491,.833,8541667
127,385,46,104,19,1,10,55,54,86,2,2,.270,.361,.403,.763,505000
113,363,41,98,21,0,4,37,33,81,4,2,.270,.346,.361,.706,556500
155,589,74,159,36,6,11,78,53,85,10,1,.270,.339,.407,.746,13500000
134,535,54,144,30,1,8,63,42,113,8,5,.269,.324,.374,.698,17250000
153,565,72,152,26,5,23,85,41,164,3,1,.269,.317,.455,.772,505000
141,529,56,142,28,0,9,52,29,104,0,0,.268,.309,.372,.682,7416667
30,123,14,33,6,1,2,12,6,21,2,0,.268,.303,.382,.685,13000000
159,590,71,158,27,4,25,96,52,118,7,5,.268,.334,.454,.788,540100
149,494,59,132,15,5,5,42,33,97,10,10,.267,.315,.348,.663,501000
106,382,46,102,25,0,13,54,23,70,1,0,.267,.305,.435,.739,502000
88,341,32,91,12,0,11,47,17,57,0,0,.267,.299,.399,.698,2095000
26,75,3,20,1,0,2,13,3,28,0,0,.267,.300,.360,.660,507000
156,563,87,150,34,1,19,74,65,126,12,3,.266,.351,.432,.783,9375000
97,259,37,69,15,1,3,26,16,52,6,1,.266,.334,.367,.701,501200
136,443,55,118,31,5,12,48,69,87,1,1,.266,.367,.440,.807,4500000
121,462,44,123,25,0,8,51,23,74,2,3,.266,.306,.372,.678,12083333
109,363,53,96,16,7,12,54,28,63,1,1,.264,.316,.446,.763,2700000
140,322,37,85,15,1,13,38,34,67,1,1,.264,.338,.438,.776,1200000
154,591,71,156,28,2,25,85,35,185,3,2,.264,.312,.445,.757,8000000
99,307,42,81,18,3,9,40,28,60,2,0,.264,.337,.430,.767,2300000
157,619,72,163,35,1,2,41,46,96,27,15,.263,.314,.333,.647,4800000
153,582,43,153,27,0,10,58,23,159,6,0,.263,.292,.361,.653,4750000
108,369,41,97,17,1,22,52,22,97,0,0,.263,.317,.493,.810,520250
142,518,59,136,27,0,35,104,75,95,0,0,.263,.355,.517,.873,13000000
157,560,61,147,38,0,21,75,58,112,3,2,.263,.336,.443,.779,13250000
99,336,41,88,20,0,11,38,24,59,5,2,.262,.315,.420,.735,1750000
134,462,53,120,25,1,10,55,38,124,1,3,.260,.321,.383,.704,5050000
150,578,57,150,28,2,17,70,22,85,1,0,.260,.289,.403,.692,1400000
140,494,73,128,19,0,26,92,82,108,3,0,.259,.362,.455,.817,12000000
105,220,17,57,8,0,1,17,6,26,0,0,.259,.299,.309,.608,900000
148,533,50,138,31,4,11,66,36,140,2,2,.259,.306,.394,.700,500000
137,476,33,123,18,0,7,39,43,60,1,1,.258,.324,.340,.664,5000000
136,520,69,134,40,2,14,80,53,109,2,1,.258,.328,.423,.751,2350000
132,292,37,75,17,4,8,27,15,100,5,4,.257,.293,.425,.718,501000
106,444,57,114,17,10,3,28,35,114,10,6,.257,.314,.360,.674,12000000
145,581,47,149,19,1,4,50,35,87,10,2,.256,.304,.313,.617,12000000
148,555,87,142,25,8,17,58,56,134,21,5,.256,.327,.422,.749,5600000
149,506,56,129,27,2,12,55,35,89,4,1,.255,.305,.387,.693,515500
158,608,93,155,31,2,29,98,76,130,8,0,.255,.342,.456,.798,500000
154,593,73,151,26,3,24,91,46,183,24,5,.255,.313,.430,.743,8750000
62,220,32,56,16,0,6,23,47,49,1,1,.255,.390,.409,.799,22500000
68,177,21,45,5,3,2,10,20,36,6,1,.254,.340,.350,.690,2500000
36,122,9,31,8,0,1,7,1,34,1,0,.254,.270,.344,.614,1125000
140,418,51,106,23,2,9,52,62,111,2,5,.254,.349,.383,.732,3700000
162,624,83,158,26,1,22,91,57,133,5,0,.253,.320,.404,.724,13600000
153,514,74,130,27,0,30,92,69,135,3,2,.253,.349,.481,.830,1637500
115,348,23,88,18,1,5,26,20,42,2,3,.253,.291,.353,.645,1137500
110,381,43,96,25,1,6,31,46,60,4,2,.252,.347,.370,.717,8666666
135,528,50,133,21,3,6,66,33,68,9,3,.252,.295,.337,.632,7562500
121,397,43,100,25,0,10,46,33,102,0,1,.252,.309,.390,.699,500000
103,294,27,74,18,1,11,44,27,76,0,0,.252,.319,.432,.751,506400
108,306,41,77,22,0,7,43,54,91,3,0,.252,.373,.392,.765,5166667
152,563,72,141,25,8,6,48,34,117,56,23,.250,.292,.355,.648,500000
18,24,3,6,0,0,1,4,1,4,0,0,.250,.280,.375,.655,500000
136,502,59,125,29,3,6,50,51,79,0,0,.249,.321,.355,.676,5250000
149,478,68,119,33,4,16,51,65,113,1,2,.249,.341,.435,.776,1710000
113,402,52,100,14,3,12,42,21,71,20,4,.249,.292,.388,.680,500000
119,415,49,103,20,0,17,55,78,133,3,2,.248,.370,.419,.789,16000000
57,133,11,33,4,0,0,7,14,25,0,3,.248,.320,.278,.598,1250000
57,121,13,30,4,4,0,5,8,28,3,2,.248,.295,.347,.642,550000
83,238,24,59,15,2,6,19,30,43,0,3,.248,.344,.403,.748,5250000
112,174,31,43,6,3,4,16,15,33,8,5,.247,.309,.385,.694,510500
70,259,27,64,9,0,12,38,16,49,0,0,.247,.301,.421,.722,516100
42,150,19,37,8,0,3,16,25,24,0,0,.247,.360,.360,.720,23777778
153,491,54,121,20,10,10,69,59,129,5,3,.246,.324,.389,.713,560000
44,69,6,17,3,1,3,8,11,19,2,0,.246,.346,.449,.795,3500000
146,496,59,122,33,2,15,53,46,116,0,1,.246,.309,.411,.720,3875000
146,513,61,126,14,6,5,31,28,70,20,9,.246,.289,.326,.614,534000
52,167,18,41,9,1,2,23,12,43,0,0,.246,.297,.347,.644,2650000
95,163,24,40,5,1,0,7,20,29,6,1,.245,.332,.288,.620,1000000
48,102,15,25,5,0,0,7,9,18,1,1,.245,.328,.294,.622,2000000
143,502,64,123,27,4,14,65,32,90,8,4,.245,.293,.398,.692,1500000
81,147,9,36,6,0,3,9,13,38,1,0,.245,.304,.347,.651,700000
146,540,44,132,18,4,7,46,32,60,4,5,.244,.286,.331,.617,8285714
89,254,22,62,6,1,6,19,13,44,5,1,.244,.281,.346,.628,511500
112,357,28,87,20,0,9,45,31,94,0,2,.244,.308,.375,.683,7500000
144,501,70,122,37,2,22,69,32,122,4,1,.244,.299,.457,.756,503000
133,501,52,122,26,3,10,60,28,92,4,3,.244,.287,.367,.654,11666667
138,538,78,131,22,4,17,55,64,100,28,6,.243,.323,.394,.717,11000000
136,489,40,119,23,0,13,72,56,97,0,4,.243,.329,.370,.699,12000000
61,214,30,52,8,0,12,27,18,64,3,1,.243,.306,.449,.755,2900000
156,598,112,145,33,1,23,71,89,129,21,7,.242,.345,.416,.762,540000
123,455,58,110,19,1,13,40,58,131,3,4,.242,.340,.374,.714,18571429
127,407,42,98,16,1,15,50,25,159,0,1,.241,.297,.396,.693,950000
129,500,61,120,25,1,6,41,50,100,22,3,.240,.310,.330,.640,8750000
144,538,60,129,28,1,12,46,39,138,2,3,.240,.297,.362,.660,517000
84,267,27,64,19,1,7,27,17,36,6,1,.240,.285,.397,.682,980000
24,67,7,16,4,0,0,8,2,14,1,0,.239,.271,.299,.570,875000
148,423,39,101,13,2,5,40,29,69,12,1,.239,.286,.314,.600,511100
93,306,36,73,15,0,13,40,17,71,0,1,.239,.290,.415,.705,502232
70,260,35,62,15,1,11,38,19,70,3,0,.238,.292,.431,.723,11428571
110,380,28,90,19,0,13,46,26,102,0,0,.237,.296,.389,.686,530000
119,355,30,84,11,0,5,34,50,73,1,2,.237,.342,.310,.652,1100000
91,317,40,75,16,4,5,21,28,53,7,4,.237,.300,.360,.659,2000000
48,106,8,25,5,0,2,7,8,38,0,1,.236,.296,.340,.635,500000
55,170,22,40,6,0,6,19,14,37,0,0,.235,.302,.376,.678,505300
113,187,24,44,15,0,2,25,1,37,0,1,.235,.266,.348,.614,1000000
83,247,22,58,12,0,2,22,18,50,2,1,.235,.287,.308,.595,2500000
144,473,47,111,22,1,10,63,34,91,7,1,.235,.285,.349,.634,550000
52,111,14,26,5,0,4,16,11,32,0,0,.234,.320,.387,.707,502000
147,500,70,117,23,2,25,81,67,153,1,0,.234,.334,.438,.772,4100000
64,231,30,54,10,2,6,28,21,70,3,0,.234,.300,.372,.673,500000
66,214,18,50,9,0,2,12,15,61,0,0,.234,.287,.304,.591,950000
103,360,42,84,14,2,6,37,55,105,9,3,.233,.337,.333,.670,504500
102,240,31,56,11,2,9,27,14,75,6,1,.233,.286,.408,.694,501200
109,403,46,94,23,0,15,49,37,80,3,1,.233,.301,.402,.703,15000000
121,258,24,60,14,0,4,35,36,60,2,0,.233,.328,.333,.661,1500000
90,357,36,83,13,1,3,20,20,86,18,8,.232,.272,.300,.572,2450000
140,495,57,115,15,1,23,75,32,77,0,0,.232,.286,.406,.692,17000000
145,523,65,121,22,3,21,58,32,122,0,1,.231,.281,.405,.686,2800000
103,372,46,86,16,3,20,57,31,127,1,2,.231,.300,.452,.752,512500
119,264,32,61,9,5,4,24,20,78,9,3,.231,.294,.348,.643,1200000
152,541,68,125,25,0,27,85,113,124,5,2,.231,.365,.427,.792,4200380
62,156,14,36,5,1,0,15,8,37,1,1,.231,.266,.276,.542,502000
123,262,31,60,18,1,7,33,23,58,2,0,.229,.293,.385,.679,2300000
49,158,31,36,6,2,5,17,13,38,1,0,.228,.326,.386,.712,501500
155,564,73,128,27,2,20,66,79,141,8,2,.227,.326,.388,.714,15000000
145,507,68,115,21,1,37,88,56,182,5,2,.227,.308,.491,.799,510000
128,377,47,85,19,1,15,49,58,115,3,0,.225,.327,.401,.728,792000
104,346,45,78,21,1,18,40,29,124,4,0,.225,.287,.448,.735,7000000
41,129,6,29,8,0,1,7,3,24,0,0,.225,.242,.310,.553,502000
35,89,8,20,8,1,0,8,8,19,0,0,.225,.289,.337,.626,505000
45,156,12,35,6,1,1,13,19,59,1,0,.224,.313,.295,.607,2000000
117,291,38,65,10,0,1,22,31,37,11,4,.223,.298,.268,.567,510000
153,569,65,127,18,1,23,95,67,190,0,0,.223,.310,.380,.690,25000000
110,301,32,67,12,1,6,26,25,71,2,0,.223,.287,.329,.616,509700
119,275,34,61,15,2,8,22,15,64,9,2,.222,.265,.378,.643,1760000
87,325,37,72,14,0,6,35,34,90,6,1,.222,.294,.320,.614,504200
126,465,43,103,21,2,14,56,34,151,1,0,.222,.286,.366,.651,2450000
147,506,48,112,18,5,4,38,25,79,7,0,.221,.268,.300,.568,600000
67,226,22,50,15,0,6,23,6,71,1,0,.221,.244,.367,.611,17000000
80,231,24,51,12,0,4,25,22,57,0,2,.221,.293,.325,.618,517500
123,367,47,81,15,4,10,36,34,95,4,2,.221,.288,.365,.653,510100
102,281,33,62,15,1,7,32,22,68,1,0,.221,.288,.356,.644,512500
114,373,43,82,20,0,11,44,55,143,0,1,.220,.320,.362,.681,7000000
57,169,25,37,8,0,7,18,24,50,0,1,.219,.315,.391,.705,500000
124,390,44,85,22,0,11,47,61,151,0,3,.218,.327,.359,.686,4150000
84,225,18,49,9,0,5,34,31,39,1,0,.218,.318,.324,.642,3583333
137,493,71,107,21,1,18,66,44,149,12,3,.217,.281,.373,.654,8500000
38,60,8,13,3,0,0,1,14,15,4,1,.217,.373,.267,.640,900000
123,440,56,95,14,0,22,62,58,109,1,1,.216,.313,.398,.711,22500000
69,186,22,40,8,0,1,18,36,56,4,3,.215,.341,.274,.615,507500
126,461,41,99,20,1,8,46,35,113,2,1,.215,.279,.315,.594,6200000
157,564,51,121,17,0,16,57,29,125,0,1,.215,.256,.330,.586,510100
140,457,45,97,21,1,15,54,35,74,1,0,.212,.271,.361,.632,549000
108,308,30,65,10,3,9,25,14,110,7,3,.211,.246,.351,.597,502500
96,237,30,50,13,3,12,41,10,66,2,1,.211,.258,.443,.701,1475000
111,400,37,84,17,1,10,51,36,100,3,2,.210,.280,.333,.612,5918483
87,263,31,55,13,2,7,27,19,80,17,4,.209,.267,.354,.620,503800
137,455,48,95,18,0,16,45,13,122,2,0,.209,.244,.354,.598,500500
97,360,33,75,20,0,8,42,36,111,0,0,.208,.278,.331,.608,14000000
61,77,6,16,4,0,1,8,4,26,0,0,.208,.253,.299,.552,2500000
73,198,21,41,7,2,2,14,25,56,3,1,.207,.296,.293,.589,2750000
15,29,2,6,1,0,0,3,2,5,0,0,.207,.258,.241,.499,800000
81,208,15,43,8,0,5,22,10,51,0,0,.207,.254,.317,.572,2259815
53,152,12,31,8,0,0,10,14,33,0,0,.204,.275,.257,.532,1500000
58,174,18,35,9,0,7,27,10,64,1,1,.201,.246,.374,.620,505340
50,135,11,27,5,0,1,17,13,28,0,3,.200,.270,.259,.530,521000
64,175,12,35,7,0,2,12,15,64,0,0,.200,.263,.274,.537,1500000
28,40,4,8,0,1,0,2,6,11,0,1,.200,.304,.250,.554,500000
74,195,18,39,7,0,4,22,13,51,0,0,.200,.250,.297,.547,2425000
131,438,51,87,20,2,22,60,17,158,0,3,.199,.254,.404,.658,504100
66,163,8,32,8,0,3,28,8,55,0,1,.196,.237,.301,.538,512000
130,378,47,74,9,0,22,45,47,122,5,1,.196,.287,.394,.681,2000000
127,450,65,88,16,0,26,72,60,173,2,1,.196,.300,.404,.704,10350000
67,186,16,36,6,0,6,21,21,54,0,0,.194,.279,.323,.601,502300
68,182,9,35,7,0,0,15,19,58,0,0,.192,.273,.231,.504,875000
72,177,19,34,6,2,3,11,4,48,0,4,.192,.234,.299,.533,500000
93,283,21,54,9,0,3,25,53,57,0,0,.191,.323,.254,.577,3550000
63,215,14,41,10,0,2,19,15,70,1,1,.191,.256,.265,.522,540500
61,170,16,32,6,1,3,14,17,41,0,0,.188,.267,.288,.555,700000
69,165,10,31,4,0,2,9,19,52,3,0,.188,.272,.248,.520,1300000
26,48,3,9,3,0,0,2,2,17,0,0,.188,.220,.250,.470,2000000
21,54,3,10,0,0,1,1,4,10,0,0,.185,.241,.241,.482,500000
50,152,16,28,7,0,7,15,16,58,0,1,.184,.260,.368,.629,3100000
86,253,20,46,6,1,9,36,21,69,1,0,.182,.250,.320,.570,501000
73,178,15,32,6,0,0,12,14,38,4,1,.180,.253,.213,.466,5250000
80,225,4,40,2,0,0,10,14,55,3,0,.178,.230,.187,.417,2250000
24,68,8,12,2,3,2,7,3,31,1,0,.176,.222,.382,.605,900000
55,122,12,21,5,0,3,11,10,31,0,0,.172,.230,.287,.517,502900
29,70,4,12,1,0,0,6,3,17,0,0,.171,.203,.186,.388,502000
9,35,4,6,0,1,0,2,2,7,0,0,.171,.216,.229,.445,3000000
95,76,4,13,2,0,0,5,7,18,1,1,.171,.256,.197,.453,850000
9,30,4,5,0,1,0,2,2,4,0,0,.167,.219,.233,.452,1100000
49,114,5,19,4,0,0,8,4,30,0,2,.167,.211,.202,.413,2500000
73,145,13,24,3,0,1,6,5,48,11,1,.166,.192,.207,.399,505500
71,204,27,33,6,1,8,22,32,77,0,1,.162,.280,.319,.599,525000
89,225,23,36,8,0,12,33,25,100,0,1,.160,.248,.356,.604,502000
30,57,7,9,1,0,0,5,5,14,0,0,.158,.234,.175,.410,1275000
20,40,4,6,1,0,0,3,2,20,0,1,.150,.222,.175,.397,1325000
27,52,3,7,1,0,1,2,1,12,0,0,.135,.151,.212,.362,630000
26,60,3,8,2,0,2,5,9,12,0,0,.133,.257,.267,.524,1000000
21,30,1,3,1,0,0,1,0,8,1,0,.100,.097,.133,.230,500000
5,11,1,1,0,0,0,0,1,3,0,0,.091,.167,.091,.258,6666667
25,35,2,3,2,0,0,3,6,14,0,0,.086,.256,.143,.399,506809
3,3,3,0,0,0,0,0,0,3,0,0,.000,.250,.000,.250,1000000
4,7,0,0,0,0,0,0,1,2,0,0,.000,.125,.000,.125,700000
3,8,2,3,0,0,0,0,1,3,0,0,.375,.444,.375,.819,518000
119,429,64,145,28,1,18,76,77,82,1,1,.338,.440,.534,.974,29200000
145,615,88,205,24,8,4,46,25,91,58,20,.333,.359,.418,.776,2500000
153,521,118,172,38,1,42,99,124,131,6,4,.330,.460,.649,1.109,3750000
159,567,103,182,38,2,33,110,118,151,21,5,.321,.435,.570,1.005,6400000
156,613,84,196,35,3,7,81,32,101,10,2,.320,.355,.421,.776,543000
150,557,74,177,28,0,19,95,56,52,2,0,.318,.379,.470,.849,18555555
157,609,111,192,39,6,20,76,53,89,39,7,.315,.367,.498,.865,519500
139,535,75,168,25,1,9,56,45,70,2,2,.314,.375,.415,.790,6500000
158,545,95,171,33,2,29,80,143,135,11,3,.314,.459,.541,1.000,22500000
154,638,86,200,40,4,15,66,33,67,38,13,.313,.353,.459,.812,3125000
149,462,61,144,26,10,17,78,44,107,9,4,.312,.371,.522,.893,512000
100,382,59,119,27,2,8,37,38,42,3,2,.312,.378,.455,.833,522500
137,529,68,164,45,0,15,84,60,51,15,1,.310,.379,.480,.859,6250000
49,168,19,52,10,3,3,15,13,25,0,0,.310,.363,.458,.821,6250000
140,551,101,169,34,6,16,72,37,98,28,6,.307,.361,.477,.838,2725000
62,217,38,66,18,0,8,35,18,43,3,1,.304,.361,.498,.859,507500
65,224,30,68,18,2,10,31,10,56,0,1,.304,.333,.536,.869,512500
141,565,86,171,43,7,9,52,57,107,12,8,.303,.372,.451,.823,8750000
152,590,90,178,22,1,44,93,59,164,3,2,.302,.369,.566,.936,14250000
150,564,85,170,21,5,6,61,50,107,23,3,.301,.358,.388,.746,517500
61,246,38,74,17,0,5,22,25,26,11,0,.301,.365,.431,.796,9000000
82,173,22,52,16,1,8,29,23,44,0,0,.301,.393,.543,.936,2425000
103,366,45,110,21,5,10,43,21,76,5,6,.301,.339,.467,.807,3125000
120,416,44,125,17,3,2,23,25,44,11,8,.300,.347,.370,.717,1443750
126,476,63,143,30,2,7,44,47,101,16,5,.300,.366,.416,.782,7081428
113,407,38,122,24,1,9,49,19,37,0,2,.300,.339,.430,.769,2000000
159,575,104,172,32,6,41,90,92,158,11,7,.299,.402,.590,.991,24083333
158,599,98,178,33,5,18,93,61,108,7,3,.297,.363,.459,.822,6950000
147,495,64,147,30,3,8,41,28,129,16,8,.297,.344,.418,.762,507500
158,620,122,184,41,2,41,123,73,133,6,0,.297,.371,.568,.939,4300000
154,624,94,185,35,7,11,73,43,80,10,6,.296,.342,.428,.770,15000000
156,612,73,181,38,1,3,53,70,83,2,1,.296,.370,.376,.746,11000000
117,464,64,137,22,2,9,54,27,82,6,2,.295,.336,.409,.746,8375000
149,573,77,169,28,6,12,77,30,96,12,0,.295,.334,.428,.762,509000
130,451,56,133,17,5,7,43,46,94,1,1,.295,.370,.401,.771,987500
125,520,70,153,18,9,5,42,26,81,26,8,.294,.334,.392,.726,507500
148,588,69,173,19,2,12,70,27,68,23,3,.294,.328,.395,.723,12083333
126,385,55,113,26,1,16,60,36,71,5,2,.294,.370,.491,.861,2500000
154,547,79,160,33,4,13,60,56,90,23,3,.293,.359,.439,.797,6650000
157,566,91,165,36,3,23,96,98,133,11,5,.292,.401,.488,.889,8583333
93,381,46,111,19,1,12,42,38,51,2,2,.291,.356,.441,.797,13750000
154,613,88,178,34,3,30,101,39,140,0,0,.290,.347,.502,.850,11333333
158,569,81,165,41,2,22,106,58,103,0,0,.290,.362,.485,.847,8500000
38,152,24,44,7,0,5,17,22,36,2,1,.289,.379,.434,.814,17250000
58,159,9,46,8,0,0,15,6,29,0,0,.289,.320,.340,.659,1225000
129,500,52,144,22,2,9,63,37,68,1,0,.288,.338,.394,.732,10000000
143,567,83,163,32,4,18,83,41,65,1,0,.287,.334,.453,.788,16000000
126,421,60,121,24,2,15,58,28,99,5,4,.287,.355,.461,.816,2750000
157,616,97,177,43,4,42,130,34,110,2,5,.287,.323,.575,.898,512500
93,355,42,102,12,3,5,26,30,25,14,5,.287,.353,.380,.733,4000000
30,101,11,29,4,2,2,15,4,13,0,0,.287,.314,.426,.740,514000
114,418,57,120,29,1,4,28,19,71,10,8,.287,.327,.390,.717,6825000
156,624,82,179,34,1,21,79,43,107,2,6,.287,.334,.446,.779,24000000
153,579,84,166,30,2,19,81,27,123,30,10,.287,.337,.444,.780,5166666
157,614,93,176,31,9,17,58,46,112,43,13,.287,.347,.450,.797,517500
162,633,102,181,30,1,35,86,70,111,20,8,.286,.359,.502,.861,548000
53,116,18,33,7,1,2,11,10,29,7,2,.284,.339,.414,.752,513000
147,549,73,156,34,1,22,82,43,76,1,2,.284,.348,.470,.817,2640000
103,354,50,100,18,1,5,31,42,48,2,5,.282,.361,.381,.742,1650000
72,188,23,53,14,1,4,20,12,29,8,4,.282,.327,.431,.758,1025000
158,596,93,168,33,2,38,102,53,178,3,2,.282,.344,.535,.879,3000000
153,540,69,152,33,2,17,68,55,111,9,4,.281,.359,.444,.804,1100000
130,470,54,132,17,6,5,48,23,78,7,2,.281,.315,.374,.689,1925000
130,499,56,140,38,2,14,73,31,38,2,2,.281,.322,.449,.770,8000000
137,492,73,138,33,5,18,68,56,147,9,3,.280,.356,.478,.834,3600000
104,361,25,101,16,0,4,32,23,34,2,4,.280,.322,.357,.680,7000000
129,454,56,127,27,6,2,45,46,97,8,1,.280,.349,.379,.727,3500000
73,229,24,64,16,1,4,35,39,49,2,1,.279,.394,.410,.804,17142857
86,305,34,85,17,0,15,39,9,79,2,0,.279,.306,.482,.788,515000
159,586,76,163,31,2,12,56,28,85,25,4,.278,.314,.399,.713,512000
160,586,94,163,38,3,31,101,78,105,17,6,.278,.387,.512,.899,5857142
132,471,51,131,27,0,23,85,32,112,1,0,.278,.330,.482,.812,2950000
149,502,72,139,32,0,20,87,66,100,0,0,.277,.360,.460,.820,7500000
118,416,62,115,27,0,18,66,56,98,3,1,.276,.370,.471,.841,16875000
133,478,57,132,34,1,19,67,45,85,0,0,.276,.337,.471,.808,15000000
19,58,6,16,0,0,2,8,4,15,0,0,.276,.338,.379,.718,532500
102,388,59,107,19,2,16,41,50,109,16,4,.276,.367,.459,.826,512900
52,207,30,57,13,1,9,40,16,48,4,1,.275,.327,.478,.806,18000000
156,571,76,157,33,0,28,90,62,107,0,1,.275,.350,.480,.830,22000000
155,579,64,159,26,1,17,71,50,111,1,4,.275,.334,.411,.745,13250000
158,629,70,172,36,2,12,77,40,88,3,0,.273,.314,.394,.709,14000000
108,333,17,91,17,0,0,18,29,34,2,0,.273,.334,.324,.659,1137500
146,528,73,144,37,0,37,108,77,95,0,1,.273,.360,.553,.913,16000000
149,526,67,143,25,4,20,77,49,65,10,2,.272,.333,.449,.781,4100000
154,574,101,156,44,3,28,84,81,151,4,3,.272,.365,.505,.871,8666666
129,453,51,123,25,5,4,49,32,59,2,1,.272,.318,.375,.694,516250
104,354,40,96,18,0,13,48,49,92,2,5,.271,.377,.432,.809,9375000
153,554,87,150,25,2,40,97,46,133,2,0,.271,.325,.540,.864,11428571
108,303,38,82,17,5,4,21,28,75,9,4,.271,.333,.399,.733,508500
136,488,34,132,23,2,4,61,32,59,3,1,.270,.310,.350,.660,15000000
52,174,20,47,6,0,2,16,4,29,0,0,.270,.289,.339,.628,2250000
160,604,74,163,35,1,21,73,51,132,3,1,.270,.328,.435,.764,13600000
156,597,74,161,30,1,3,44,25,73,15,6,.270,.301,.338,.639,8750000
151,543,69,146,32,3,16,71,44,110,4,1,.269,.328,.427,.756,8000000
87,231,22,62,14,1,6,29,8,56,2,1,.268,.295,.416,.710,2800000
19,41,9,11,5,1,0,3,4,9,2,0,.268,.333,.439,.772,517300
28,97,9,26,2,1,1,7,8,17,5,3,.268,.324,.340,.664,3100000
52,153,28,41,7,5,5,18,19,41,2,0,.268,.347,.477,.824,507500
75,258,24,69,14,1,8,25,21,67,0,0,.267,.319,.422,.742,8275000
141,505,65,135,18,2,10,59,45,102,23,6,.267,.327,.370,.697,5000000
161,623,85,166,37,0,26,74,54,98,6,6,.266,.328,.451,.779,14285714
79,143,15,38,8,2,0,15,16,16,7,5,.266,.340,.350,.689,516000
147,535,60,142,23,2,4,44,39,48,5,3,.265,.321,.338,.660,8285714
143,505,66,134,28,5,15,58,36,107,6,3,.265,.315,.430,.744,7500000
74,279,47,74,12,1,27,67,34,95,4,2,.265,.346,.606,.952,25000000
158,592,69,157,34,2,10,66,67,112,2,1,.265,.338,.380,.718,23000000
69,181,19,48,9,2,4,16,10,41,10,2,.265,.304,.403,.707,20285714
154,596,80,158,31,3,23,100,39,147,12,2,.265,.312,.443,.755,20000000
128,332,51,88,21,2,8,28,25,61,10,4,.265,.359,.413,.771,515800
155,525,57,139,24,2,9,56,33,85,5,3,.265,.318,.370,.688,553900
114,401,32,106,18,5,7,41,16,90,0,1,.264,.297,.387,.683,507500
103,371,51,98,20,3,7,43,36,64,1,0,.264,.326,.391,.717,2200000
114,375,42,99,18,4,6,29,12,68,1,3,.264,.294,.381,.675,516500
151,505,62,133,25,12,10,40,24,95,18,5,.263,.298,.420,.718,513800
151,559,63,147,14,5,7,50,30,103,10,1,.263,.302,.343,.645,513500
137,483,55,127,22,0,16,59,19,63,0,1,.263,.295,.408,.703,513543
107,350,38,92,15,5,6,34,36,97,3,2,.263,.331,.386,.716,508500
150,557,71,146,28,4,11,61,36,95,15,8,.262,.321,.386,.707,520000
160,573,100,150,31,0,47,117,84,208,2,3,.262,.361,.562,.923,12000000
116,360,36,94,23,0,3,28,38,70,2,1,.261,.338,.350,.688,1880000
136,445,58,116,21,3,18,71,56,97,0,2,.261,.341,.443,.783,512500
120,426,54,111,21,9,16,61,23,79,6,7,.261,.316,.465,.781,513850
142,531,52,138,25,0,21,70,13,82,1,0,.260,.280,.426,.706,1400000
149,562,64,146,29,3,16,60,28,144,5,2,.260,.299,.407,.706,1925000
123,459,47,119,27,0,10,44,30,110,2,3,.259,.308,.383,.691,555000
151,571,94,148,26,3,16,66,68,135,20,5,.259,.343,.399,.742,13000000
157,580,98,150,33,2,26,70,91,151,11,6,.259,.364,.457,.821,15000000
156,580,74,150,29,1,11,62,51,135,0,2,.259,.324,.369,.693,13000000
117,379,44,98,18,1,10,41,24,88,2,0,.259,.309,.391,.699,10500000
87,205,23,53,12,4,5,17,21,62,9,3,.259,.327,.429,.757,14500000
87,205,23,53,12,4,5,17,21,62,9,3,.259,.327,.429,.757,14500000,8541666
143,441,47,114,16,5,6,41,16,87,7,3,.259,.289,.358,.647,4710739
160,596,69,154,34,2,7,62,46,78,25,9,.258,.309,.357,.667,15000000
112,341,55,88,16,11,8,30,22,76,18,8,.258,.306,.440,.746,5000000
144,438,44,113,22,4,11,46,47,101,13,4,.258,.329,.402,.730,527600
53,194,28,50,10,1,9,28,14,29,3,3,.258,.310,.459,.769,2350000
118,326,34,84,16,1,13,45,13,77,0,2,.258,.286,.433,.718,925000
155,556,65,143,23,7,15,45,42,132,11,5,.257,.310,.405,.715,510000
142,560,57,144,16,5,6,50,13,93,25,6,.257,.281,.336,.616,534000
121,424,53,109,27,0,14,56,31,107,1,1,.257,.323,.420,.743,6425000
111,452,66,116,15,2,7,33,35,86,21,9,.257,.318,.345,.663,21857143
148,612,76,157,20,5,3,47,26,75,17,5,.257,.293,.320,.614,2625000
143,507,65,130,33,4,21,84,39,119,6,4,.256,.321,.462,.782,3175000
153,593,83,152,35,6,9,52,55,121,27,10,.256,.320,.381,.701,525000
159,630,78,161,23,2,26,83,45,164,4,1,.256,.308,.422,.731,537500
79,282,30,72,12,3,11,38,26,66,3,3,.255,.322,.436,.758,6000000
157,619,82,158,43,1,35,89,44,137,13,8,.255,.309,.498,.806,6000000
111,392,57,100,22,0,31,79,59,85,2,0,.255,.357,.548,.906,22500000
154,549,42,140,33,6,15,73,39,152,0,3,.255,.303,.419,.721,525000
105,385,40,98,22,2,4,32,15,67,9,0,.255,.287,.353,.640,9500000
140,485,73,123,24,8,5,26,45,145,23,11,.254,.321,.367,.688,515000
54,83,9,21,4,0,0,5,5,16,0,2,.253,.295,.301,.597,511000
140,318,53,80,20,1,14,42,30,73,3,1,.252,.320,.453,.773,2500000
151,538,63,135,28,1,15,65,52,101,0,0,.251,.323,.390,.713,10000000
150,542,85,136,26,3,26,81,68,159,19,5,.251,.336,.454,.790,14500000
150,542,85,136,26,3,26,81,68,159,19,5,.251,.336,.454,.790,14500000,8541666
147,515,65,129,33,2,14,62,35,131,4,1,.250,.305,.404,.709,545000
151,523,83,131,22,1,33,86,84,145,4,0,.250,.356,.486,.842,27500000
153,543,108,136,29,3,40,114,110,106,8,2,.250,.377,.536,.913,13000000
156,596,102,149,29,8,17,46,84,154,20,7,.250,.346,.411,.757,9500000
86,241,31,60,14,6,7,27,5,53,3,3,.249,.269,.444,.713,507500
73,225,27,56,16,1,9,34,14,51,0,0,.249,.300,.449,.749,510000
154,583,54,145,33,0,10,62,31,68,17,7,.249,.285,.357,.642,8125000
95,346,43,86,25,1,16,73,33,79,1,0,.249,.308,.465,.773,16666666
136,395,54,98,31,5,12,42,47,99,0,0,.248,.330,.443,.773,6500000
113,347,36,86,11,0,15,53,49,103,1,1,.248,.345,.409,.754,12000000
121,392,54,97,16,2,27,66,44,122,6,2,.247,.323,.505,.828,519000
120,372,40,92,12,3,1,37,23,50,6,1,.247,.294,.304,.598,1075000
54,174,28,43,8,0,2,16,20,39,0,0,.247,.337,.328,.664,3583333
128,421,34,104,15,0,16,57,27,107,0,1,.247,.297,.397,.694,5918483
54,171,17,42,7,0,5,20,17,29,0,0,.246,.307,.374,.682,4000000
139,224,25,55,12,1,4,17,5,63,2,2,.246,.281,.362,.642,1900000
120,440,39,108,20,0,11,64,31,52,0,0,.245,.301,.366,.667,17000000
129,425,41,104,22,3,12,39,26,111,1,2,.245,.294,.395,.689,517500
126,470,43,115,25,1,10,47,25,73,0,0,.245,.292,.366,.658,19000000
152,573,74,140,35,4,22,86,50,124,2,1,.244,.307,.435,.742,4800000
135,471,67,115,33,0,27,73,66,138,0,2,.244,.352,.486,.838,4200000
116,394,34,96,21,0,3,34,27,73,3,2,.244,.293,.320,.613,538000
150,437,60,106,18,0,27,77,48,131,2,0,.243,.318,.469,.787,5750000
29,66,8,16,0,0,2,8,9,14,1,0,.242,.333,.333,.667,900000
131,244,23,59,20,0,1,21,23,51,2,2,.242,.306,.336,.642,2500000
129,441,76,106,23,2,23,77,53,106,4,5,.240,.329,.458,.787,16400000
131,433,36,104,17,0,5,50,29,59,0,0,.240,.296,.314,.610,6000000
60,175,14,42,9,0,5,24,10,41,1,0,.240,.280,.377,.657,534000
58,175,18,42,4,0,5,17,9,54,0,0,.240,.277,.349,.626,517000
139,521,67,125,22,0,22,81,35,105,2,5,.240,.293,.409,.702,10500000
68,196,28,47,5,2,3,14,14,33,3,1,.240,.294,.332,.625,522500
112,331,21,79,12,0,9,39,21,104,0,1,.239,.295,.356,.652,2675000
152,528,55,126,23,5,6,52,56,120,12,10,.239,.314,.335,.649,507500
137,432,67,103,23,2,25,61,47,154,2,1,.238,.314,.475,.789,8000000
63,181,24,43,9,0,7,21,32,38,0,0,.238,.355,.403,.758,4250000
133,339,46,80,15,4,9,36,18,105,24,9,.236,.281,.383,.665,511200
157,628,101,148,39,4,28,77,61,148,12,4,.236,.307,.444,.751,5000000
9,17,3,4,0,1,0,2,1,2,0,0,.235,.278,.353,.631,507500
100,320,38,75,16,1,11,49,27,72,0,0,.234,.299,.394,.693,515000
115,355,43,83,12,0,16,47,65,92,0,1,.234,.353,.403,.756,693000
81,270,24,63,9,1,9,28,24,71,0,1,.233,.301,.374,.675,508000
156,583,69,136,27,2,19,62,45,187,13,5,.233,.290,.384,.674,8750000
106,219,25,51,9,1,11,36,7,57,1,0,.233,.261,.434,.695,7000000
135,465,68,108,15,1,26,94,52,97,0,0,.232,.320,.437,.756,17000000
98,207,24,48,14,1,3,16,10,55,0,1,.232,.281,.353,.633,1300000
78,233,33,54,16,1,10,34,28,62,0,0,.232,.325,.438,.762,518290
95,363,38,84,22,0,12,45,13,104,0,0,.231,.267,.391,.659,3833333
98,290,37,67,10,0,5,17,20,38,3,1,.231,.282,.317,.599,3500000
140,382,35,88,21,2,13,48,44,121,2,3,.230,.315,.398,.713,2000000
73,126,14,29,5,1,2,14,2,23,3,0,.230,.242,.333,.576,900000
116,313,32,72,18,0,6,39,31,54,7,2,.230,.295,.345,.640,11666667
36,100,10,23,4,0,0,4,9,30,3,2,.230,.306,.270,.576,507500
37,74,7,17,3,0,1,5,2,16,1,0,.230,.247,.311,.558,510000
128,475,41,109,16,0,15,68,21,101,0,0,.229,.258,.358,.616,3550000
129,467,53,107,29,1,23,77,27,138,0,0,.229,.277,.443,.720,25000000
72,214,19,49,17,0,3,20,23,44,0,0,.229,.301,.350,.652,3800000
73,201,25,46,11,0,11,33,23,63,0,1,.229,.311,.448,.759,1075000
153,398,45,91,5,6,1,21,31,51,11,5,.229,.282,.279,.561,2000000
70,184,30,42,9,1,7,21,33,64,0,0,.228,.348,.402,.751,508600
63,189,19,43,6,1,5,25,14,36,3,1,.228,.284,.349,.634,2500000
17,22,0,5,1,0,0,3,0,6,0,0,.227,.250,.273,.523,1000000
132,296,44,67,16,1,18,59,29,86,0,0,.226,.299,.470,.768,1000000
157,580,72,131,35,4,26,87,58,145,9,5,.226,.294,.434,.729,8500000
114,412,56,93,8,3,4,28,28,75,57,8,.226,.274,.289,.563,545000
134,421,49,95,17,6,9,34,29,81,4,5,.226,.275,.359,.634,508500
146,457,47,103,15,3,17,54,47,81,8,4,.225,.302,.383,.685,2725000
144,517,71,116,24,3,13,41,44,86,12,8,.224,.285,.358,.643,11000000
120,389,40,87,23,1,5,31,19,81,2,2,.224,.268,.326,.595,510000
132,434,62,97,18,0,25,56,50,106,1,0,.224,.310,.438,.748,4200000
34,94,17,21,8,0,2,6,7,23,5,1,.223,.291,.372,.664,508500
82,203,24,45,7,4,9,37,13,69,3,1,.222,.274,.429,.702,508100
69,122,17,27,6,1,1,6,12,29,1,0,.221,.299,.311,.611,510500
88,331,51,73,16,1,12,42,38,84,0,1,.221,.302,.384,.685,18000000
124,440,39,97,23,7,2,44,9,69,2,2,.220,.234,.318,.552,7562500
78,187,20,41,8,0,9,21,21,63,0,1,.219,.301,.406,.708,1500000
114,411,45,90,14,0,8,37,20,88,0,0,.219,.253,.311,.564,13333333
27,69,9,15,3,0,0,5,3,23,0,3,.217,.250,.261,.511,1550000
23,28,8,6,1,1,0,1,7,9,0,0,.214,.371,.321,.693,510000
83,255,23,54,7,2,9,29,11,60,2,1,.212,.241,.361,.602,540500
86,284,23,60,13,1,2,22,28,43,1,1,.211,.290,.285,.575,8666666
38,128,9,27,6,0,1,13,8,23,2,1,.211,.261,.281,.542,514500
104,337,38,71,19,0,11,31,33,115,0,0,.211,.283,.365,.648,4000000
151,480,67,101,19,1,26,54,92,170,4,7,.210,.346,.417,.763,510000
79,229,19,48,7,0,4,22,23,65,0,1,.210,.282,.293,.575,975000
100,249,26,52,8,2,7,26,20,76,2,1,.209,.275,.341,.616,1000000
100,211,24,44,8,0,6,20,19,43,0,1,.209,.275,.332,.607,2000000
41,72,11,15,3,0,3,8,8,25,0,0,.208,.288,.375,.663,1850000
101,185,22,38,3,2,5,22,20,45,1,2,.205,.283,.324,.607,1800000
58,127,20,26,7,3,4,17,22,41,2,2,.205,.329,.402,.731,1087600
69,142,6,29,7,1,2,11,6,32,0,0,.204,.235,.310,.545,775000
118,324,28,66,10,4,3,30,24,55,5,1,.204,.257,.287,.544,1250000
91,267,34,54,8,3,9,31,26,81,0,0,.202,.281,.356,.637,1075000
84,134,14,27,1,1,4,12,5,36,2,4,.201,.241,.313,.555,525500
131,383,43,77,16,1,17,44,37,71,0,2,.201,.271,.381,.652,5000000
48,155,16,31,8,0,2,12,5,33,1,1,.200,.225,.290,.515,507500
117,195,32,39,8,3,4,13,19,59,5,8,.200,.290,.333,.623,1650000
129,391,50,78,17,0,24,64,57,151,1,2,.199,.307,.427,.734,4175000
44,136,11,27,4,0,3,20,15,40,0,0,.199,.279,.294,.573,1200000
74,128,21,25,11,0,4,14,10,49,2,2,.195,.270,.375,.645,525415
9,31,2,6,0,0,0,3,5,10,0,0,.194,.306,.194,.499,2875000
28,83,10,16,5,0,4,7,3,32,0,0,.193,.221,.398,.619,508500
67,178,21,34,5,0,4,13,40,66,0,1,.191,.339,.287,.626,5400000
55,69,10,13,2,1,1,2,4,19,2,1,.188,.233,.290,.523,995000
92,272,28,51,10,0,10,34,41,83,0,1,.188,.293,.335,.628,5166667
41,114,8,21,2,0,0,3,7,28,0,1,.184,.238,.202,.439,510400
67,120,12,22,4,2,2,16,19,40,0,1,.183,.298,.300,.598,13250000
28,56,5,10,4,0,1,5,2,14,0,0,.179,.207,.304,.510,800000
23,45,2,8,1,1,0,2,5,9,1,0,.178,.275,.244,.519,7000000
33,107,10,19,4,0,3,15,6,40,0,0,.178,.244,.299,.543,975000
72,159,6,28,9,0,1,9,20,61,1,0,.176,.267,.252,.518,2500000
112,350,28,61,11,0,11,28,21,132,0,1,.174,.230,.300,.530,523500
93,247,17,43,12,1,5,21,30,67,0,3,.174,.272,.291,.564,4750000
37,94,9,16,3,1,0,1,6,31,3,2,.170,.220,.223,.443,512400
20,42,7,7,3,0,0,5,3,16,0,0,.167,.217,.238,.455,510000
101,154,23,25,5,1,2,9,7,46,4,2,.162,.212,.247,.459,507500
18,31,4,5,1,0,0,1,3,15,0,0,.161,.257,.194,.451,507500
32,93,9,15,4,1,2,12,7,24,0,0,.161,.214,.290,.504,1500000
35,69,2,11,1,0,0,4,2,13,1,1,.159,.194,.174,.368,2900000
50,127,9,20,6,0,1,7,6,21,0,0,.157,.195,.228,.424,509300
76,99,15,15,0,0,0,2,10,21,3,1,.152,.236,.152,.388,522000
51,89,4,13,2,0,1,5,4,30,1,0,.146,.191,.202,.394,1250000
45,103,13,15,5,1,2,10,7,37,0,0,.146,.214,.272,.486,510000
24,49,7,7,2,0,1,5,5,17,0,0,.143,.222,.245,.467,515000
32,80,6,10,1,0,2,5,11,35,1,0,.125,.239,.213,.452,517880
20,25,1,1,1,0,0,0,2,8,0,0,.040,.111,.080,.191,515000
2,1,0,0,0,0,0,0,0,0,0,0,.000,.000,.000,.000,1250000
1,2,0,0,0,0,0,0,0,0,0,0,.000,.000,.000,.000,1000000
