 Rivero, C	BOS	3B	4	7	1	4	2	0	1	3	1	0	0	0	.571	.625	1.286	1.911	
 Brown, G	SF	CF	7	7	1	3	0	0	0	1	0	0	0	0	.429	.429	.429	.857	
 Moya, S	DET	RF	11	8	2	3	0	0	0	0	0	2	0	0	.375	.375	.375	.750	
 Kouzmanoff, K	TEX	3B	13	47	8	17	6	0	2	10	2	7	0	0	.362	.412	.617	1.029	
 Stassi, M	HOU	C	7	20	2	7	2	0	0	4	0	6	0	0	.350	.350	.450	.800	
 Smolinski, J	TEX	LF	24	86	12	30	5	0	3	12	3	24	0	0	.349	.391	.512	.903	
 Ynoa, R	COL	3B	19	67	5	23	6	1	0	13	4	9	0	0	.343	.380	.463	.843	
 Morgan, N	CLE	CF	15	41	8	14	1	0	1	6	7	6	3	0	.341	.429	.439	.868	
 Altuve, J	HOU	2B	158	660	85	225	47	3	7	59	36	53	56	9	.341	.377	.453	.830	
 Turner, J	LAD	3B	109	288	46	98	21	1	7	43	28	58	6	1	.340	.404	.493	.897	
 Tulowitzki, T	COL	SS	91	315	71	107	18	1	21	52	50	57	1	1	.340	.432	.603	1.035	
 Martinez, V	DET	DH	151	561	87	188	33	0	32	103	70	42	3	2	.335	.409	.565	.974	
 Castillo, R	BOS	CF	10	36	6	12	1	0	2	6	3	6	3	0	.333	.400	.528	.928	
 Colon, C	KC	2B	21	45	8	15	5	1	0	6	3	4	2	0	.333	.375	.489	.864	
 Pirela, J	NYY	2B	7	24	6	8	1	2	0	3	1	4	0	0	.333	.360	.542	.902	
 Polanco, J	MIN	SS	5	6	2	2	1	1	0	3	2	2	0	0	.333	.500	.833	1.333	
 Robinson, C	LAD	1B	9	9	3	3	0	0	0	2	1	1	0	0	.333	.400	.333	.733	
 Cuddyer, M	COL	RF	49	190	32	63	15	1	10	31	14	30	3	0	.332	.376	.579	.955	
 Brantley, M	CLE	LF	156	611	94	200	45	2	20	97	52	56	23	1	.327	.385	.506	.890	
 Beltre, A	TEX	3B	148	549	79	178	33	1	19	77	57	74	1	1	.324	.388	.492	.879	
 Lind, A	TOR	1B	96	290	38	93	24	2	6	40	28	48	0	0	.321	.381	.479	.860	
 Morneau, J	COL	1B	135	502	62	160	32	3	17	82	34	60	0	3	.319	.364	.496	.860	
 Santana, D	MIN	SS	101	405	70	129	27	7	7	40	19	98	20	4	.319	.353	.472	.824	
 Paulsen, B	COL	1B	31	63	8	20	4	0	4	10	2	19	0	0	.317	.348	.571	.920	
 Abreu, J	CWS	1B	145	556	80	176	35	2	36	107	51	131	3	1	.317	.383	.581	.964	
 McKenry, M	COL	C	57	168	23	53	9	0	8	22	22	42	0	3	.315	.398	.512	.910	
 Harrison, J	PIT	3B	143	520	77	164	38	7	13	52	22	81	18	7	.315	.347	.490	.837	
 Martinez, J	DET	RF	123	441	57	139	30	3	23	76	30	126	6	3	.315	.358	.553	.912	
 Cano, R	SEA	2B	157	595	77	187	37	2	14	82	61	68	10	3	.314	.382	.454	.836	
 McCutchen, A	PIT	CF	146	548	89	172	38	6	25	83	84	115	18	3	.314	.410	.542	.952	
 Cabrera, M	DET	1B	159	611	101	191	52	1	25	109	60	117	1	1	.313	.371	.524	.895	
 Richardson, A	NYY	RF	13	16	2	5	0	0	0	1	1	3	5	0	.313	.353	.313	.665	
 Sizemore, S	NYY	3B	6	16	3	5	2	0	0	4	0	8	0	0	.313	.313	.438	.750	
 Dickerson, C	COL	LF	131	436	74	136	27	6	24	76	37	101	8	7	.312	.364	.567	.931	
 Uribe, J	LAD	3B	103	386	36	120	23	0	9	54	15	77	0	1	.311	.337	.440	.777	
 Posey, B	SF	C	147	547	72	170	28	2	22	89	47	69	0	1	.311	.364	.490	.854	
 Blanks, K	OAK	1B	26	55	10	17	1	0	2	7	8	16	0	0	.309	.409	.436	.845	
 Brentz, B	BOS	RF	9	26	5	8	2	0	0	2	0	9	0	0	.308	.308	.385	.692	
 Wieters, M	BAL	C	26	104	13	32	5	0	5	18	6	19	0	1	.308	.339	.500	.839	
 Revere, B	PHI	LF	151	601	71	184	13	7	2	28	13	49	49	8	.306	.325	.361	.686	
 Panik, J	SF	2B	73	269	31	82	10	2	1	18	16	33	0	0	.305	.343	.368	.711	
 Kozma, P	STL	SS	14	23	4	7	3	0	0	0	3	4	0	0	.304	.385	.435	.819	
 Jay, J	STL	CF	140	413	52	125	16	3	3	46	28	78	6	3	.303	.372	.378	.750	
 Pollock, A	ARI	CF	75	265	41	80	19	6	7	24	19	46	14	3	.302	.353	.498	.851	
 Young, D	BAL	LF	83	242	27	73	11	1	7	30	10	51	2	0	.302	.337	.442	.779	
 Span, D	WSH	CF	147	610	94	184	39	8	5	37	50	65	31	7	.302	.355	.416	.771	
 Cain, L	KC	CF	133	471	55	142	29	4	5	53	24	108	28	5	.301	.339	.412	.751	
 Cervelli, F	NYY	C	49	146	18	44	11	1	2	13	11	41	1	0	.301	.370	.432	.802	
 Cabrera, M	TOR	LF	139	568	81	171	35	3	16	73	43	67	6	2	.301	.351	.458	.808	
 Lucroy, J	MIL	C	153	585	73	176	53	2	13	69	66	71	4	4	.301	.373	.465	.837	
 Goldschmidt, P	ARI	1B	109	406	75	122	39	1	19	69	64	110	9	3	.300	.396	.542	.938	
 Eaton, A	CWS	CF	123	486	76	146	26	10	1	35	43	83	15	9	.300	.362	.401	.763	
 Crawford, C	LAD	LF	105	343	56	103	14	3	8	46	16	55	23	6	.300	.339	.429	.767	
 Pagan, A	SF	CF	96	383	56	115	21	2	3	27	25	53	16	6	.300	.342	.389	.731	
 Terdoslavich, J	ATL	RF	9	10	1	3	2	0	0	2	0	3	0	0	.300	.364	.500	.864	
 Weeks, J	BOS	2B	17	37	8	11	3	1	0	3	4	2	2	0	.297	.372	.432	.805	
 Van Slyke, S	LAD	LF	98	212	32	63	13	1	11	29	28	71	4	2	.297	.386	.524	.910	
 Puig, Y	LAD	RF	148	558	92	165	37	9	16	69	67	124	11	7	.296	.382	.480	.863	
 Rua, R	TEX	LF	28	105	11	31	7	0	2	14	2	18	1	0	.295	.321	.419	.740	
 Stewart, C	PIT	C	49	136	9	40	5	0	0	10	12	27	0	1	.294	.362	.331	.693	
 Kendrick, H	LAA	2B	157	617	85	181	33	5	7	75	48	110	14	5	.293	.347	.397	.744	
 Pearce, S	BAL	LF	102	338	51	99	26	0	21	49	40	76	5	0	.293	.373	.556	.930	
 Soler, J	CHC	RF	24	89	11	26	8	1	5	20	6	24	1	0	.292	.330	.573	.903	
 Werth, J	WSH	RF	147	534	85	156	37	1	16	82	83	113	9	1	.292	.394	.455	.849	
 Castro, S	CHC	SS	134	528	58	154	33	1	14	65	35	100	4	4	.292	.339	.438	.777	
 Betts, M	BOS	CF	52	189	34	55	12	1	5	18	21	31	7	3	.291	.368	.444	.812	
 Marte, S	PIT	LF	135	495	73	144	29	6	13	56	33	131	30	11	.291	.356	.453	.808	
 Spangenberg, C	SD	2B	20	62	7	18	2	1	2	9	2	14	4	2	.290	.313	.452	.764	
 Martin, R	PIT	C	111	379	45	110	20	0	11	67	59	78	4	4	.290	.402	.430	.832	
 Loney, J	TB	1B	155	600	59	174	27	0	9	69	41	80	4	0	.290	.336	.380	.716	
 Gordon, D	LAD	2B	148	609	92	176	24	12	2	34	31	107	64	19	.289	.326	.378	.704	
 Stubbs, D	COL	CF	132	388	67	112	22	4	15	43	30	136	20	3	.289	.339	.482	.821	
 Gennett, S	MIL	2B	137	440	55	127	31	3	9	54	22	67	6	3	.289	.320	.434	.754	
 Murphy, D	NYM	2B	143	596	79	172	37	2	9	57	39	86	13	5	.289	.332	.403	.734	
 Adams, M	STL	1B	142	527	55	152	34	5	15	68	26	114	3	2	.288	.321	.457	.779	
 Blackmon, C	COL	CF	154	593	82	171	27	3	19	72	31	96	28	10	.288	.335	.440	.775	
 Freeman, F	ATL	1B	162	607	93	175	43	4	18	78	90	145	3	4	.288	.386	.461	.847	
 Lombardozzi, S	BAL	2B	20	73	6	21	1	1	0	2	0	14	1	0	.288	.297	.329	.626	
 Suzuki, K	MIN	C	131	452	37	130	34	0	3	61	34	46	0	1	.288	.345	.383	.727	
 Stanton, G	MIA	RF	145	539	89	155	31	1	37	105	94	170	13	1	.288	.395	.555	.950	
 Trout, M	LAA	CF	157	602	115	173	39	9	36	111	83	184	16	2	.287	.377	.561	.939	
 McGehee, C	MIA	3B	160	616	56	177	29	1	4	76	67	102	4	2	.287	.355	.357	.712	
 Rendon, A	WSH	3B	153	613	111	176	39	6	21	83	58	104	17	3	.287	.351	.473	.824	
 Arenado, N	COL	3B	111	432	58	124	34	2	18	61	25	58	2	1	.287	.328	.500	.828	
 Reyes, J	TOR	SS	143	610	94	175	33	4	9	51	38	73	30	2	.287	.328	.398	.726	
 Taylor, C	SEA	SS	47	136	16	39	8	0	0	9	11	39	5	2	.287	.347	.346	.692	
 Kemp, M	LAD	LF	150	541	77	155	38	3	25	89	52	145	8	5	.287	.346	.506	.852	
 Rizzo, A	CHC	1B	140	524	89	150	28	1	32	78	73	116	5	4	.286	.386	.527	.913	
 Hunter, T	DET	RF	142	549	71	157	33	2	17	83	23	89	4	3	.286	.319	.446	.765	
 Bautista, J	TOR	RF	155	553	101	158	27	0	35	103	104	96	6	2	.286	.403	.524	.928	
 Bernier, D	MIN	SS	7	7	2	2	0	0	0	0	1	2	0	0	.286	.444	.286	.730	
 Izturis, M	TOR	2B	11	35	3	10	1	0	0	1	2	4	1	0	.286	.324	.314	.639	
 Paredes, J	BAL	3B	27	63	12	18	4	0	2	8	2	16	4	0	.286	.308	.444	.752	
 Peralta, D	ARI	LF	88	329	40	94	12	9	8	36	16	60	6	3	.286	.320	.450	.770	
 Ramirez, A	MIL	3B	133	494	47	141	23	1	15	66	21	75	3	0	.285	.330	.427	.757	
 Aoki, N	KC	RF	132	491	63	140	22	6	1	43	43	49	17	8	.285	.349	.360	.710	
 Escobar, A	KC	SS	162	579	74	165	34	5	3	50	23	83	31	6	.285	.317	.377	.694	
 Suzuki, I	NYY	RF	143	359	42	102	13	2	1	22	21	68	15	3	.284	.324	.340	.664	
 Gomez, C	MIL	CF	148	574	95	163	34	4	23	73	47	141	34	12	.284	.356	.477	.833	
 Murphy, J	NYY	C	32	81	7	23	4	0	1	9	4	22	0	0	.284	.318	.370	.688	
 Bour, J	MIA	1B	39	74	10	21	3	0	1	11	9	19	0	0	.284	.361	.365	.726	
 Yelich, C	MIA	LF	144	582	94	165	30	6	9	54	70	137	21	7	.284	.362	.402	.764	
 Coghlan, C	CHC	RF	125	385	50	109	28	5	9	41	39	81	7	4	.283	.352	.452	.804	
 Ramirez, H	LAD	SS	128	449	64	127	35	0	13	71	56	84	14	5	.283	.369	.448	.817	
 Gillaspie, C	CWS	3B	130	464	50	131	31	5	7	57	36	78	0	4	.282	.336	.416	.752	
 Molina, Y	STL	C	110	404	40	114	21	0	7	38	28	55	1	1	.282	.333	.386	.719	
 Davis, R	DET	CF	134	461	64	130	27	2	8	51	22	75	36	11	.282	.320	.401	.721	
 Prado, M	NYY	3B	143	536	62	151	26	4	12	58	26	80	3	1	.282	.321	.412	.733	
 Tabata, J	PIT	RF	80	174	14	49	5	2	0	17	7	26	1	2	.282	.314	.333	.647	
 Lagares, J	NYM	CF	116	416	46	117	24	3	4	47	20	87	13	4	.281	.321	.382	.703	
 Ruggiano, J	CHC	RF	81	224	29	63	13	1	6	28	18	70	2	4	.281	.337	.429	.766	
 Jones, A	BAL	CF	159	644	88	181	30	2	29	96	19	133	7	1	.281	.311	.469	.780	
 Holt, B	BOS	2B	106	449	68	126	23	5	4	29	33	98	12	2	.281	.331	.381	.711	
 Rios, A	TEX	RF	131	492	54	138	30	8	4	54	23	93	17	9	.280	.311	.398	.709	
 Zimmerman, R	WSH	1B	61	214	26	60	19	1	5	38	22	37	0	0	.280	.342	.449	.790	
 Chisenhall, L	CLE	3B	142	478	62	134	29	1	13	59	39	99	3	1	.280	.343	.427	.770	
 Sandoval, P	SF	3B	157	588	68	164	26	3	16	73	39	85	0	0	.279	.324	.415	.739	
 Vogt, S	OAK	C	84	269	26	75	10	2	9	35	16	39	1	0	.279	.321	.431	.752	
 Morse, M	SF	LF	131	438	48	122	32	3	16	61	31	121	0	0	.279	.336	.475	.811	
 Aybar, E	LAA	SS	156	589	77	164	30	4	7	68	36	62	16	9	.278	.321	.379	.700	
 Gomes, Y	CLE	C	135	485	61	135	25	3	21	74	24	120	0	0	.278	.313	.472	.785	
 Petit, G	HOU	SS	37	97	14	27	8	0	2	9	1	25	0	1	.278	.300	.423	.723	
 Machado, M	BAL	3B	82	327	38	91	14	0	12	32	20	68	2	0	.278	.324	.431	.755	
 Bloomquist, W	SEA	SS	47	133	15	37	6	0	1	14	4	32	1	1	.278	.297	.346	.643	
 Pedroia, D	BOS	2B	135	551	72	153	33	0	7	53	51	75	6	6	.278	.337	.376	.712	
 Inciarte, E	ARI	LF	118	418	54	116	18	2	4	27	25	53	19	3	.278	.318	.359	.677	
 Gonzalez, M	HOU	1B	103	285	33	79	15	1	6	23	17	58	2	4	.277	.327	.400	.727	
 Mauer, J	MIN	1B	120	455	60	126	27	2	4	55	60	96	3	0	.277	.361	.371	.732	
 Pence, H	SF	RF	162	650	106	180	29	10	20	74	52	130	13	6	.277	.332	.445	.777	
 Blanco, A	PHI	3B	25	47	4	13	5	0	1	3	2	6	0	0	.277	.306	.447	.753	
 Fowler, D	HOU	CF	116	434	61	120	21	4	8	35	66	108	11	4	.276	.375	.399	.774	
 Hechavarria, A	MIA	SS	146	536	53	148	20	10	1	34	26	86	7	5	.276	.308	.356	.664	
 Chavez, E	SEA	RF	80	232	22	64	12	2	2	23	15	30	5	2	.276	.317	.371	.688	
 Gonzalez, A	LAD	1B	159	591	83	163	41	0	27	116	56	112	1	1	.276	.335	.482	.817	
 Markakis, N	BAL	RF	155	642	81	177	27	1	14	50	62	84	4	2	.276	.342	.386	.729	
 Kinsler, I	DET	2B	161	684	100	188	40	4	17	92	29	79	15	4	.275	.307	.420	.727	
 Escobar, E	MIN	SS	133	433	52	119	35	2	6	37	24	93	1	1	.275	.315	.406	.721	
 Navarro, D	TOR	C	139	481	40	132	22	0	12	69	32	76	3	0	.274	.317	.395	.712	
 Vargas, K	MIN	1B	53	215	26	59	10	1	9	38	12	63	0	0	.274	.316	.456	.772	
 Herrera, E	MIL	RF	69	135	14	37	7	1	0	5	3	36	4	1	.274	.288	.341	.629	
 Martin, L	TEX	CF	155	533	68	146	13	7	7	40	39	114	31	12	.274	.325	.364	.689	
 Weeks Jr., R	MIL	2B	121	252	36	69	19	1	8	29	25	73	3	4	.274	.357	.452	.809	
 Mesoraco, D	CIN	C	114	384	54	105	25	0	25	80	41	103	1	3	.273	.359	.534	.893	
 Ramirez, A	CWS	SS	158	622	82	170	35	2	15	74	24	81	21	4	.273	.305	.408	.713	
 Frazier, T	CIN	3B	157	597	88	163	22	1	29	80	52	139	20	8	.273	.336	.459	.795	
 Evans, N	ARI	1B	18	22	2	6	2	0	2	7	1	10	0	0	.273	.304	.636	.941	
 Green, G	LAA	LF	43	99	7	27	5	0	1	11	2	20	1	4	.273	.282	.354	.635	
 Harper, B	WSH	RF	100	352	41	96	10	2	13	32	38	104	2	2	.273	.344	.423	.768	
 Saunders, M	SEA	RF	78	231	38	63	11	3	8	34	26	59	4	5	.273	.341	.450	.791	
 Susac, A	SF	C	35	88	13	24	8	0	3	19	7	28	0	0	.273	.326	.466	.792	
 Carpenter, M	STL	3B	158	595	99	162	33	2	8	59	95	111	5	3	.272	.375	.375	.750	
 Zobrist, B	TB	2B	146	570	83	155	34	3	10	52	75	84	10	5	.272	.354	.395	.749	
 Calhoun, K	LAA	RF	127	493	90	134	31	3	17	58	38	104	5	3	.272	.325	.450	.776	
 Holliday, M	STL	LF	156	574	83	156	37	0	20	90	74	100	4	1	.272	.370	.441	.811	
 Pujols, A	LAA	DH	159	633	89	172	37	1	28	105	48	71	5	1	.272	.324	.466	.790	
 Walker, N	PIT	2B	137	512	74	139	25	3	23	76	45	88	2	2	.271	.342	.467	.809	
 Butler, B	KC	DH	151	549	57	149	32	0	9	66	41	96	0	0	.271	.323	.379	.702	
 Ellsbury, J	NYY	CF	149	575	71	156	27	5	16	70	49	93	39	5	.271	.328	.419	.747	
 Robertson, D	TEX	LF	70	177	23	48	9	1	0	21	17	28	6	4	.271	.333	.333	.667	
 Negron, K	CIN	2B	49	144	19	39	10	1	6	17	12	40	5	0	.271	.331	.479	.810	
 Cruz, N	BAL	LF	159	613	87	166	32	2	40	108	55	140	4	5	.271	.333	.525	.859	
 Perez, R	CLE	C	29	85	10	23	5	0	1	4	5	26	0	0	.271	.311	.365	.676	
 Heyward, J	ATL	RF	149	573	74	155	26	3	11	58	67	98	20	4	.271	.351	.384	.735	
 Hosmer, E	KC	1B	131	503	54	136	35	1	9	58	35	93	4	2	.270	.318	.398	.716	
 Upton, J	ATL	LF	154	566	77	153	34	2	29	102	60	171	8	4	.270	.342	.491	.833	
 Norris, D	OAK	C	127	385	46	104	19	1	10	55	54	86	2	2	.270	.361	.403	.763	
 Nava, D	BOS	RF	113	363	41	98	21	0	4	37	33	81	4	2	.270	.346	.361	.706	
 Utley, C	PHI	2B	155	589	74	159	36	6	11	78	53	85	10	1	.270	.339	.407	.746	
 Dyson, J	KC	RF	120	260	33	70	4	4	1	24	22	52	36	7	.269	.324	.327	.651	
 Wright, D	NYM	3B	134	535	54	144	30	1	8	63	42	113	8	5	.269	.324	.374	.698	
 Ozuna, M	MIA	CF	153	565	72	152	26	5	23	85	41	164	3	1	.269	.317	.455	.772	
 Rutledge, J	COL	SS	105	309	44	83	16	7	4	33	20	83	2	3	.269	.323	.405	.728	
 Hardy, J	BAL	SS	141	529	56	142	28	0	9	52	29	104	0	0	.268	.309	.372	.682	
 Encarnacion, E	TOR	DH	128	477	75	128	27	2	34	98	62	82	2	0	.268	.354	.547	.901	
 Victorino, S	BOS	RF	30	123	14	33	6	1	2	12	6	21	2	0	.268	.303	.382	.685	
 Seager, K	SEA	3B	159	590	71	158	27	4	25	96	52	118	7	5	.268	.334	.454	.788	
 Holt, T	CLE	CF	36	71	4	19	2	0	0	2	3	25	2	2	.268	.307	.296	.602	
 Pillar, K	TOR	CF	53	116	19	31	9	0	2	7	4	28	1	2	.267	.295	.397	.692	
 LeMahieu, D	COL	2B	149	494	59	132	15	5	5	42	33	97	10	10	.267	.315	.348	.663	
 Rosario, W	COL	C	106	382	46	102	25	0	13	54	23	70	1	0	.267	.305	.435	.739	
 Ramos, W	WSH	C	88	341	32	91	12	0	11	47	17	57	0	0	.267	.299	.399	.698	
 Duffy, M	SF	3B	34	60	5	16	2	0	0	8	1	14	0	1	.267	.302	.300	.602	
 Sanchez, T	PIT	C	26	75	3	20	1	0	2	13	3	28	0	0	.267	.300	.360	.660	
 Gordon, A	KC	LF	156	563	87	150	34	1	19	74	65	126	12	3	.266	.351	.432	.783	
 Guyer, B	TB	LF	97	259	37	69	15	1	3	26	16	52	6	1	.266	.334	.367	.701	
 Smith, S	SD	LF	136	443	55	118	31	5	12	48	69	87	1	1	.266	.367	.440	.807	
 Phillips, B	CIN	2B	121	462	44	123	25	0	8	51	23	74	2	3	.266	.306	.372	.678	
 Braun, R	MIL	LF	135	530	68	141	30	6	19	81	41	113	11	5	.266	.324	.453	.777	
 Gosselin, P	ATL	2B	46	128	17	34	4	0	1	3	5	27	2	2	.266	.304	.320	.624	
 Reddick, J	OAK	RF	109	363	53	96	16	7	12	54	28	63	1	1	.264	.316	.446	.763	
 Baker, J	MIA	1B	90	208	27	55	10	4	3	28	13	51	1	0	.264	.307	.394	.701	
 Snider, T	PIT	RF	140	322	37	85	15	1	13	38	34	67	1	1	.264	.338	.438	.776	
 Byrd, M	PHI	RF	154	591	71	156	28	2	25	85	35	185	3	2	.264	.312	.445	.757	
 Jaso, J	OAK	C	99	307	42	81	18	3	9	40	28	60	2	0	.264	.337	.430	.767	
 Andrus, E	TEX	SS	157	619	72	163	35	1	2	41	46	96	27	15	.263	.314	.333	.647	
 Hamilton, J	LAA	LF	89	338	43	89	21	0	10	44	32	108	3	3	.263	.331	.414	.745	
 Campbell, E	NYM	1B	85	190	16	50	9	0	3	16	17	55	3	0	.263	.322	.358	.680	
 Johnson, C	ATL	3B	153	582	43	153	27	0	10	58	23	159	6	0	.263	.292	.361	.653	
 Gattis, E	ATL	C	108	369	41	97	17	1	22	52	22	97	0	0	.263	.317	.493	.810	
 Kiermaier, K	TB	CF	108	331	35	87	16	8	10	35	23	71	5	4	.263	.315	.450	.765	
 Ortiz, D	BOS	DH	142	518	59	136	27	0	35	104	75	95	0	0	.263	.355	.517	.873	
 Peralta, J	STL	SS	157	560	61	147	38	0	21	75	58	112	3	2	.263	.336	.443	.779	
 Rosales, A	TEX	1B	56	164	20	43	7	0	4	19	13	42	4	2	.262	.328	.378	.706	
 Murphy, D	CLE	LF	129	416	40	109	25	1	8	58	36	61	2	3	.262	.319	.385	.703	
 Morrison, L	SEA	1B	99	336	41	88	20	0	11	38	24	59	5	2	.262	.315	.420	.735	
 Ramirez, J	CLE	SS	68	237	27	62	10	2	2	17	13	35	10	1	.262	.300	.346	.646	
 Owings, C	ARI	CF	91	310	34	81	15	6	6	26	16	67	8	1	.261	.300	.406	.706	
 Carrera, E	DET	CF	45	69	12	18	4	1	0	2	3	14	7	1	.261	.301	.348	.649	
 Parra, G	MIL	LF	150	529	64	138	22	4	9	40	32	100	9	7	.261	.308	.369	.677	
 Sardinas, L	TEX	SS	43	115	12	30	6	0	0	8	5	21	5	1	.261	.303	.313	.616	
 Solarte, Y	SD	3B	131	469	56	122	19	1	10	48	53	58	0	1	.260	.336	.369	.705	
 Cespedes, Y	BOS	LF	152	600	89	156	36	6	22	100	35	128	7	2	.260	.301	.450	.751	
 Freese, D	LAA	3B	134	462	53	120	25	1	10	55	38	124	1	3	.260	.321	.383	.704	
 Blanco, G	SF	RF	146	393	51	102	18	6	5	38	41	77	16	5	.260	.333	.374	.707	
 Perez, S	KC	C	150	578	57	150	28	2	17	70	22	85	1	0	.260	.289	.403	.692	
 LaRoche, A	WSH	1B	140	494	73	128	19	0	26	92	82	108	3	0	.259	.362	.455	.817	
 Frandsen, K	WSH	LF	105	220	17	57	8	0	1	17	6	26	0	0	.259	.299	.309	.608	
 Odor, R	TEX	2B	114	386	39	100	14	7	9	48	17	71	4	7	.259	.297	.402	.698	
 Nieuwenhuis, K	NYM	CF	61	112	16	29	14	1	3	16	16	39	4	0	.259	.346	.482	.828	
 Castellanos, N	DET	3B	148	533	50	138	31	4	11	66	36	140	2	2	.259	.306	.394	.700	
 Bonifacio, E	ATL	2B	110	394	47	102	17	4	3	24	26	85	26	8	.259	.305	.345	.650	
 Escobar, Y	TB	SS	137	476	33	123	18	0	7	39	43	60	1	1	.258	.324	.340	.664	
 Kawasaki, M	TOR	2B	82	240	31	62	7	1	0	17	22	49	1	0	.258	.327	.296	.623	
 Cecchini, G	BOS	3B	11	31	6	8	3	0	1	4	3	11	0	0	.258	.361	.452	.813	
 Plouffe, T	MIN	3B	136	520	69	134	40	2	14	80	53	109	2	1	.258	.328	.423	.751	
 Valencia, D	TOR	3B	86	264	20	68	16	1	4	30	14	62	1	1	.258	.296	.371	.667	
 Barnes, B	COL	RF	132	292	37	75	17	4	8	27	15	100	5	4	.257	.293	.425	.718	
 Bourn, M	CLE	CF	106	444	57	114	17	10	3	28	35	114	10	6	.257	.314	.360	.674	
 Jeter, D	NYY	SS	145	581	47	149	19	1	4	50	35	87	10	2	.256	.304	.313	.617	
 Lambo, A	PIT	LF	21	39	3	10	4	0	0	1	0	8	0	0	.256	.256	.359	.615	
 Jackson, A	SEA	CF	154	597	71	153	30	6	4	47	47	144	20	6	.256	.308	.347	.655	
 Cron, C	LAA	1B	79	242	28	62	12	1	11	37	10	61	0	0	.256	.289	.450	.739	
 Parmelee, C	MIN	RF	87	250	27	64	11	0	7	28	17	64	0	3	.256	.307	.384	.691	
 Gardner, B	NYY	LF	148	555	87	142	25	8	17	58	56	134	21	5	.256	.327	.422	.749	
 Mercer, J	PIT	SS	149	506	56	129	27	2	12	55	35	89	4	1	.255	.305	.387	.693	
 Donaldson, J	OAK	3B	158	608	93	155	31	2	29	98	76	130	8	0	.255	.342	.456	.798	
 Pacheco, J	ARI	1B	69	153	10	39	10	1	0	16	9	27	0	0	.255	.299	.333	.632	
 Desmond, I	WSH	SS	154	593	73	151	26	3	24	91	46	183	24	5	.255	.313	.430	.743	
 Votto, J	CIN	1B	62	220	32	56	16	0	6	23	47	49	1	1	.255	.390	.409	.799	
 Gentry, C	OAK	LF	94	232	38	59	6	1	0	12	17	44	20	2	.254	.319	.289	.608	
 Pennington, C	ARI	SS	68	177	21	45	5	3	2	10	20	36	6	1	.254	.340	.350	.690	
 Nieves, W	PHI	C	36	122	9	31	8	0	1	7	1	34	1	0	.254	.270	.344	.614	
 Arias, J	SF	3B	107	193	18	49	9	0	0	15	8	23	1	0	.254	.281	.301	.581	
 Joyce, M	TB	LF	140	418	51	106	23	2	9	52	62	111	2	5	.254	.349	.383	.732	
 Longoria, E	TB	3B	162	624	83	158	26	1	22	91	57	133	5	0	.253	.320	.404	.724	
 Tolleson, S	TOR	2B	108	170	21	43	7	2	3	16	12	49	3	1	.253	.308	.371	.679	
 Duda, L	NYM	1B	153	514	74	130	27	0	30	92	69	135	3	2	.253	.349	.481	.830	
 Pena, B	CIN	C	115	348	23	88	18	1	5	26	20	42	2	3	.253	.291	.353	.645	
 Ross, C	ARI	LF	83	202	15	51	8	0	2	15	15	44	0	0	.252	.306	.322	.628	
 Ishikawa, T	SF	1B	62	107	9	27	4	1	3	18	9	34	0	0	.252	.311	.393	.703	
 Ruiz, C	PHI	C	110	381	43	96	25	1	6	31	46	60	4	2	.252	.347	.370	.717	
 Infante, O	KC	2B	135	528	50	133	21	3	6	66	33	68	9	3	.252	.295	.337	.632	
 Asche, C	PHI	3B	121	397	43	100	25	0	10	46	33	102	0	1	.252	.309	.390	.699	
 Rivera, R	SD	C	103	294	27	74	18	1	11	44	27	76	0	0	.252	.319	.432	.751	
 Iannetta, C	LAA	C	108	306	41	77	22	0	7	43	54	91	3	0	.252	.373	.392	.765	
 Solano, D	MIA	3B	111	310	26	78	11	1	3	28	19	61	1	2	.252	.300	.323	.623	
 De Aza, A	BAL	LF	142	477	56	120	24	8	8	41	39	119	17	10	.252	.314	.386	.700	
 Pierzynski, A	STL	C	102	338	25	85	12	1	5	37	14	54	0	1	.251	.288	.337	.625	
 Lucas, E	TEX	2B	69	179	19	45	5	0	1	9	8	48	1	0	.251	.283	.296	.580	
 Sweeney, R	CHC	CF	77	207	22	52	9	0	3	20	15	33	0	0	.251	.304	.338	.642	
 Flores, W	NYM	SS	78	259	28	65	13	1	6	29	12	31	1	0	.251	.286	.378	.664	
 La Stella, T	ATL	2B	93	319	22	80	16	1	1	31	36	40	2	1	.251	.328	.317	.644	
 Hamilton, B	CIN	CF	152	563	72	141	25	8	6	48	34	117	56	23	.250	.292	.355	.648	
 Collins, T	DET	LF	18	24	3	6	0	0	1	4	1	4	0	0	.250	.280	.375	.655	
 Cowgill, C	LAA	LF	106	260	37	65	10	1	5	21	26	74	4	0	.250	.330	.354	.684	
 Den Dekker, M	NYM	CF	53	152	23	38	11	0	0	7	21	34	7	4	.250	.345	.322	.667	
 Jones, J	SEA	CF	108	312	46	78	9	5	0	9	12	67	27	1	.250	.278	.311	.589	
 McCann, J	DET	C	9	12	2	3	1	0	0	0	0	2	1	0	.250	.250	.333	.583	
 Nunez, E	MIN	3B	72	204	26	51	7	4	4	24	5	31	9	3	.250	.271	.382	.654	
 Sanchez, C	CWS	SS	28	100	6	25	5	0	0	5	3	25	1	1	.250	.269	.300	.569	
 Soto, G	OAK	C	24	80	8	20	6	0	1	11	6	19	0	0	.250	.302	.363	.665	
 Taylor, M	CWS	LF	11	28	3	7	1	0	0	0	5	9	0	0	.250	.364	.286	.649	
 Telis, T	TEX	C	18	68	7	17	2	0	0	8	1	10	0	0	.250	.271	.279	.551	
 Wilson, B	ARI	C	2	4	0	1	0	0	0	0	0	0	0	0	.250	.250	.250	.500	
 Ethier, A	LAD	RF	130	341	29	85	17	6	4	42	31	74	2	2	.249	.322	.370	.691	
 Lowrie, J	OAK	SS	136	502	59	125	29	3	6	50	51	79	0	0	.249	.321	.355	.676	
 Valbuena, L	CHC	3B	149	478	68	119	33	4	16	51	65	113	1	2	.249	.341	.435	.776	
 Marisnick, J	HOU	CF	65	221	21	55	8	0	3	19	8	67	11	3	.249	.281	.326	.607	
 Wong, K	STL	2B	113	402	52	100	14	3	12	42	21	71	20	4	.249	.292	.388	.680	
 Napoli, M	BOS	1B	119	415	49	103	20	0	17	55	78	133	3	2	.248	.370	.419	.789	
 Abreu, B	NYM	RF	78	133	12	33	9	0	1	14	20	21	1	0	.248	.342	.338	.680	
 Thole, J	TOR	C	57	133	11	33	4	0	0	7	14	25	0	3	.248	.320	.278	.598	
 Hernandez, E	MIA	LF	42	121	13	30	6	3	3	14	12	21	0	0	.248	.321	.421	.742	
 Kalish, R	CHC	LF	57	121	13	30	4	4	0	5	8	28	3	2	.248	.295	.347	.642	
 DeJesus, D	TB	LF	83	238	24	59	15	2	6	19	30	43	0	3	.248	.344	.403	.748	
 Bethancourt, C	ATL	C	31	113	7	28	3	0	0	9	3	26	1	1	.248	.274	.274	.548	
 Lough, D	BAL	LF	112	174	31	43	6	3	4	16	15	33	8	5	.247	.309	.385	.694	
 Lawrie, B	TOR	3B	70	259	27	64	9	0	12	38	16	49	0	0	.247	.301	.421	.722	
 Aviles, M	CLE	LF	113	344	38	85	16	1	5	39	13	49	14	5	.247	.273	.343	.616	
 Fielder, P	TEX	1B	42	150	19	37	8	0	3	16	25	24	0	0	.247	.360	.360	.720	
 Crawford, B	SF	SS	153	491	54	121	20	10	10	69	59	129	5	3	.246	.324	.389	.713	
 Chavez, E	ARI	3B	44	69	6	17	3	1	3	8	11	19	2	0	.246	.346	.449	.795	
 Crisp, C	OAK	LF	126	463	68	114	21	3	9	47	66	66	19	5	.246	.336	.363	.699	
 Watkins, L	CHC	2B	31	65	10	16	3	0	1	6	1	16	1	0	.246	.269	.338	.607	
 Jones, G	MIA	1B	146	496	59	122	33	2	15	53	46	116	0	1	.246	.309	.411	.720	
 Santiago, R	CIN	3B	75	179	20	44	8	0	2	17	24	38	2	1	.246	.343	.324	.667	
 Segura, J	MIL	SS	146	513	61	126	14	6	5	31	28	70	20	9	.246	.289	.326	.614	
 Moreland, M	TEX	1B	52	167	18	41	9	1	2	23	12	43	0	0	.246	.297	.347	.644	
 Grichuk, R	STL	CF	47	110	11	27	6	1	3	8	5	31	0	2	.245	.278	.400	.678	
 Kelly, D	DET	3B	95	163	24	40	5	1	0	7	20	29	6	1	.245	.332	.288	.620	
 Navarro, E	LAA	1B	64	159	17	39	10	1	1	14	13	27	1	3	.245	.302	.340	.642	
 Barmes, C	PIT	SS	48	102	15	25	5	0	0	7	9	18	1	1	.245	.328	.294	.622	
 Ackley, D	SEA	LF	143	502	64	123	27	4	14	65	32	90	8	4	.245	.293	.398	.692	
 Pena, R	ATL	2B	81	147	9	36	6	0	3	9	13	38	1	0	.245	.304	.347	.651	
 Simmons, A	ATL	SS	146	540	44	132	18	4	7	46	32	60	4	5	.244	.286	.331	.617	
 Jennings, D	TB	LF	123	479	64	117	30	2	10	36	47	108	15	6	.244	.319	.378	.697	
 Garcia, A	CWS	DH	46	172	19	42	8	0	7	29	14	44	4	1	.244	.305	.413	.718	
 Presley, A	HOU	LF	89	254	22	62	6	1	6	19	13	44	5	1	.244	.281	.346	.628	
 Ludwick, R	CIN	LF	112	357	28	87	20	0	9	45	31	94	0	2	.244	.308	.375	.683	
 Davis, K	MIL	LF	144	501	70	122	37	2	22	69	32	122	4	1	.244	.299	.457	.756	
 Hill, A	ARI	3B	133	501	52	122	26	3	10	60	28	92	4	3	.244	.287	.367	.654	
 Rollins, J	PHI	SS	138	538	78	131	22	4	17	55	64	100	28	6	.243	.323	.394	.717	
 Montero, M	ARI	C	136	489	40	119	23	0	13	72	56	97	0	4	.243	.329	.370	.699	
 Gillespie, C	TOR	RF	35	74	9	18	2	0	1	5	6	13	2	2	.243	.300	.311	.611	
 Hundley, N	BAL	C	83	218	18	53	7	0	6	22	10	63	1	0	.243	.273	.358	.631	
 Belt, B	SF	1B	61	214	30	52	8	0	12	27	18	64	3	1	.243	.306	.449	.755	
 Headley, C	NYY	3B	135	470	55	114	20	1	13	49	51	122	7	3	.243	.328	.372	.700	
 Dozier, B	MIN	2B	156	598	112	145	33	1	23	71	89	129	21	7	.242	.345	.416	.762	
 Bourgeois, J	CIN	CF	18	33	5	8	0	1	0	1	1	6	0	0	.242	.265	.303	.568	
 Descalso, D	STL	SS	104	161	20	39	11	0	0	10	20	33	1	3	.242	.333	.311	.644	
 Suarez, E	DET	SS	85	244	33	59	9	1	4	23	22	67	3	2	.242	.316	.336	.652	
 Choo, S	TEX	LF	123	455	58	110	19	1	13	40	58	131	3	4	.242	.340	.374	.714	
 D'Arnaud, T	NYM	C	108	385	48	93	22	3	13	41	32	64	1	0	.242	.302	.416	.718	
 Gimenez, C	CLE	C	41	116	13	28	10	0	0	11	12	29	0	1	.241	.313	.328	.640	
 Realmuto, J	MIA	C	11	29	4	7	1	1	0	9	1	8	0	0	.241	.267	.345	.611	
 Flowers, T	CWS	C	127	407	42	98	16	1	15	50	25	159	0	1	.241	.297	.396	.693	
 Barney, D	LAD	2B	94	237	24	57	11	2	3	23	17	34	1	0	.241	.300	.342	.642	
 Cabrera, A	WSH	2B	146	553	74	133	31	4	14	61	49	108	10	2	.241	.307	.387	.694	
 Kipnis, J	CLE	2B	129	500	61	120	25	1	6	41	50	100	22	3	.240	.310	.330	.640	
 Vazquez, C	BOS	C	55	175	15	42	9	0	1	20	19	33	0	0	.240	.308	.309	.617	
 Bogaerts, X	BOS	SS	144	538	60	129	28	1	12	46	39	138	2	3	.240	.297	.362	.660	
 Alonso, Y	SD	1B	84	267	27	64	19	1	7	27	17	36	6	1	.240	.285	.397	.682	
 Fuld, S	OAK	LF	113	351	40	84	16	4	4	36	43	63	21	4	.239	.321	.342	.663	
 Taveras, O	STL	RF	80	234	18	56	8	0	3	22	12	37	0	1	.239	.278	.312	.590	
 Wilson, J	TEX	2B	24	67	7	16	4	0	0	8	2	14	1	0	.239	.271	.299	.570	
 Amarista, A	SD	SS	148	423	39	101	13	2	5	40	29	69	12	1	.239	.286	.314	.600	
 Chirinos, R	TEX	C	93	306	36	73	15	0	13	40	17	71	0	1	.239	.290	.415	.705	
 Gonzalez, C	COL	LF	70	260	35	62	15	1	11	38	19	70	3	0	.238	.292	.431	.723	
 Hill, K	PHI	C	10	21	2	5	1	0	0	1	1	5	0	0	.238	.273	.286	.558	
 Schafer, J	MIN	CF	104	210	26	50	9	1	1	15	22	48	30	7	.238	.310	.305	.615	
 Adrianza, E	SF	2B	53	97	10	23	6	0	0	5	5	22	1	1	.237	.279	.299	.578	
 Castillo, W	CHC	C	110	380	28	90	19	0	13	46	26	102	0	0	.237	.296	.389	.686	
 Hernandez, C	PHI	SS	66	114	13	27	2	0	1	4	9	33	1	1	.237	.290	.281	.571	
 Tejada, R	NYM	SS	119	355	30	84	11	0	5	34	50	73	1	2	.237	.342	.310	.652	
 Roberts, B	NYY	2B	91	317	40	75	16	4	5	21	28	53	7	4	.237	.300	.360	.659	
 Nieto, A	CWS	C	48	106	8	25	5	0	2	7	8	38	0	1	.236	.296	.340	.635	
 Corporan, C	HOU	C	55	170	22	40	6	0	6	19	14	37	0	0	.235	.302	.376	.678	
 Johnson, R	MIA	LF	113	187	24	44	15	0	2	25	1	37	0	1	.235	.266	.348	.614	
 Montero, J	SEA	1B	6	17	1	4	0	0	1	2	0	3	0	0	.235	.235	.412	.647	
 Ruf, D	PHI	1B	52	102	13	24	8	0	3	8	8	32	0	0	.235	.310	.402	.712	
 Maybin, C	SD	CF	95	251	24	59	13	4	1	15	19	56	4	3	.235	.290	.331	.621	
 Schumaker, S	CIN	LF	83	247	22	58	12	0	2	22	18	50	2	1	.235	.287	.308	.595	
 Trumbo, M	ARI	RF	88	328	37	77	15	1	14	61	28	89	2	3	.235	.293	.415	.707	
 Brown, D	PHI	LF	144	473	47	111	22	1	10	63	34	91	7	1	.235	.285	.349	.634	
 Polanco, G	PIT	RF	89	277	50	65	9	0	7	33	30	59	14	5	.235	.307	.343	.650	
 Gomes, J	OAK	LF	112	273	28	64	8	0	6	37	35	88	0	0	.234	.327	.330	.657	
 Maldonado, M	MIL	C	52	111	14	26	5	0	4	16	11	32	0	0	.234	.320	.387	.707	
 Moss, B	OAK	1B	147	500	70	117	23	2	25	81	67	153	1	0	.234	.334	.438	.772	
 Semien, M	CWS	3B	64	231	30	54	10	2	6	28	21	70	3	0	.234	.300	.372	.673	
 Lobaton, J	WSH	C	66	214	18	50	9	0	2	12	15	61	0	0	.234	.287	.304	.591	
 Sizemore, G	PHI	RF	112	347	35	81	19	4	5	27	33	76	6	1	.233	.299	.354	.654	
 Davis, I	PIT	1B	143	360	43	84	19	0	11	51	63	78	0	4	.233	.344	.378	.722	
 Grossman, R	HOU	LF	103	360	42	84	14	2	6	37	55	105	9	3	.233	.337	.333	.670	
 Herrera, J	BOS	2B	42	90	10	21	1	2	0	9	7	24	1	3	.233	.307	.289	.596	
 Kottaras, G	TOR	C	18	30	4	7	0	0	3	5	6	16	0	0	.233	.351	.533	.885	
 Medica, T	SD	1B	102	240	31	56	11	2	9	27	14	75	6	1	.233	.286	.408	.694	
 Beltran, C	NYY	RF	109	403	46	94	23	0	15	49	37	80	3	1	.233	.301	.402	.703	
 Nelson, C	SD	3B	27	73	5	17	3	0	0	7	7	14	1	2	.233	.296	.274	.570	
 Figueroa, C	TB	2B	23	43	6	10	2	1	0	6	4	4	0	0	.233	.286	.326	.611	
 Overbay, L	MIL	1B	121	258	24	60	14	0	4	35	36	60	2	0	.233	.328	.333	.661	
 Cabrera, E	SD	SS	90	357	36	83	13	1	3	20	20	86	18	8	.232	.272	.300	.572	
 McCann, B	NYY	C	140	495	57	115	15	1	23	75	32	77	0	0	.232	.286	.406	.692	
 Wheeler, R	LAA	3B	31	56	6	13	2	0	2	13	5	12	0	0	.232	.281	.375	.656	
 Reimold, N	ARI	RF	29	69	5	16	5	0	3	13	6	32	1	0	.232	.282	.435	.717	
 Valaika, C	CHC	1B	44	121	10	28	4	0	3	13	7	35	1	0	.231	.282	.339	.621	
 Viciedo, D	CWS	RF	145	523	65	121	22	3	21	58	32	122	0	1	.231	.281	.405	.686	
 Arcia, O	MIN	LF	103	372	46	86	16	3	20	57	31	127	1	2	.231	.300	.452	.752	
 Alvarez, P	PIT	1B	122	398	46	92	13	1	18	56	45	113	8	3	.231	.312	.405	.717	
 Bourjos, P	STL	CF	119	264	32	61	9	5	4	24	20	78	9	3	.231	.294	.348	.643	
 Santana, C	CLE	1B	152	541	68	125	25	0	27	85	113	124	5	2	.231	.365	.427	.792	
 Holaday, B	DET	C	62	156	14	36	5	1	0	15	8	37	1	1	.231	.266	.276	.542	
 Moore, T	WSH	1B	42	91	8	21	2	0	4	14	7	29	0	0	.231	.300	.385	.685	
 Pompey, D	TOR	CF	17	39	5	9	1	2	1	4	4	12	1	0	.231	.302	.436	.738	
 Romine, A	NYY	C	7	13	2	3	1	0	0	1	0	4	0	0	.231	.231	.308	.538	
 Springer, G	HOU	RF	78	295	45	68	8	1	20	51	39	114	5	2	.231	.336	.468	.804	
 Almonte, A	SD	CF	59	204	19	47	10	1	3	15	12	60	4	3	.230	.275	.333	.609	
 Denorfia, C	SEA	RF	121	330	36	76	12	4	3	21	25	70	9	3	.230	.284	.318	.602	
 Lamb, J	ARI	3B	37	126	15	29	4	1	4	11	6	37	1	1	.230	.263	.373	.636	
 Sierra, M	KC	RF	96	161	22	37	8	2	2	9	8	43	3	1	.230	.265	.342	.606	
 Colabello, C	MIN	1B	59	205	17	47	13	0	6	39	14	66	0	2	.229	.282	.380	.662	
 Sanchez, G	PIT	1B	123	262	31	60	18	1	7	33	23	58	2	0	.229	.293	.385	.679	
 Young Jr., E	NYM	LF	100	280	48	64	10	5	1	17	24	60	30	6	.229	.299	.311	.610	
 Dietrich, D	MIA	2B	49	158	31	36	6	2	5	17	13	38	1	0	.228	.326	.386	.712	
 Romine, A	DET	3B	94	251	30	57	6	0	2	12	18	60	12	2	.227	.279	.275	.554	
 Granderson, C	NYM	RF	155	564	73	128	27	2	20	66	79	141	8	2	.227	.326	.388	.714	
 Carter, C	HOU	1B	145	507	68	115	21	1	37	88	56	182	5	2	.227	.308	.491	.799	
 Beckham, G	LAA	2B	127	446	53	101	27	0	9	44	22	81	3	0	.226	.271	.348	.618	
 Gose, A	TOR	CF	94	239	31	54	8	1	2	13	25	74	15	5	.226	.311	.293	.604	
 Gregorius, D	ARI	SS	80	270	35	61	9	5	6	27	22	52	3	0	.226	.290	.363	.653	
 McBride, M	COL	1B	21	31	6	7	2	0	2	6	2	12	0	0	.226	.294	.484	.778	
 Szczur, M	CHC	CF	33	62	6	14	2	0	2	5	4	11	0	0	.226	.273	.355	.628	
 Grandal, Y	SD	C	128	377	47	85	19	1	15	49	58	115	3	0	.225	.327	.401	.728	
 Rasmus, C	TOR	CF	104	346	45	78	21	1	18	40	29	124	4	0	.225	.287	.448	.735	
 Gosewisch, T	ARI	C	41	129	6	29	8	0	1	7	3	24	0	0	.225	.242	.310	.553	
 Buck, J	LAA	C	32	89	9	20	2	0	1	6	8	26	0	0	.225	.289	.281	.570	
 Clevenger, S	BAL	C	35	89	8	20	8	1	0	8	8	19	0	0	.225	.289	.337	.626	
 Dickerson, C	CLE	LF	41	98	12	22	4	0	2	6	12	38	3	0	.224	.309	.327	.636	
 Kubel, J	MIN	LF	45	156	12	35	6	1	1	13	19	59	1	0	.224	.313	.295	.607	
 Venable, W	SD	CF	146	406	47	91	13	2	8	33	33	107	11	6	.224	.288	.325	.613	
 Sogard, E	OAK	2B	117	291	38	65	10	0	1	22	31	37	11	4	.223	.298	.268	.567	
 Howard, R	PHI	1B	153	569	65	127	18	1	23	95	67	190	0	0	.223	.310	.380	.690	
 Colvin, T	SF	LF	57	139	16	31	10	3	2	18	8	45	1	0	.223	.268	.381	.650	
 Callaspo, A	OAK	1B	127	404	37	90	15	0	4	39	40	50	0	1	.223	.290	.290	.580	
 Forsythe, L	TB	2B	110	301	32	67	12	1	6	26	25	71	2	0	.223	.287	.329	.616	
 Brignac, R	PHI	3B	37	81	4	18	5	1	1	10	9	33	1	1	.222	.300	.346	.646	
 Danks, J	CWS	CF	51	117	14	26	2	0	2	10	14	46	5	3	.222	.303	.291	.594	
 Peguero, C	KC	LF	4	9	1	2	1	0	0	1	1	5	0	0	.222	.300	.333	.633	
 Rodriguez, Y	CIN	CF	11	27	3	6	0	0	0	2	1	12	0	1	.222	.276	.222	.498	
 Heisey, C	CIN	LF	119	275	34	61	15	2	8	22	15	64	9	2	.222	.265	.378	.643	
 Myers, W	TB	RF	87	325	37	72	14	0	6	35	34	90	6	1	.222	.294	.320	.614	
 Young, C	NYY	LF	111	325	40	72	20	0	11	38	32	70	8	3	.222	.299	.385	.683	
 Castro, J	HOU	C	126	465	43	103	21	2	14	56	34	151	1	0	.222	.286	.366	.651	
 Cozart, Z	CIN	SS	147	506	48	112	18	5	4	38	25	79	7	0	.221	.268	.300	.568	
 Soriano, A	NYY	LF	67	226	22	50	15	0	6	23	6	71	1	0	.221	.244	.367	.611	
 Conger, H	LAA	C	80	231	24	51	12	0	4	25	22	57	0	2	.221	.293	.325	.618	
 Miller, B	SEA	SS	123	367	47	81	15	4	10	36	34	95	4	2	.221	.288	.365	.653	
 Flaherty, R	BAL	2B	102	281	33	62	15	1	7	32	22	68	1	0	.221	.288	.356	.644	
 Herrera, D	NYM	2B	18	59	6	13	0	1	3	11	7	17	0	0	.220	.303	.407	.710	
 Liriano, R	SD	LF	38	109	13	24	2	0	1	6	9	39	4	1	.220	.289	.266	.555	
 Saltalamacchia, J	MIA	C	114	373	43	82	20	0	11	44	55	143	0	1	.220	.320	.362	.681	
 Francisco, J	TOR	3B	106	287	40	63	16	2	16	43	27	116	0	2	.220	.291	.456	.747	
 Espinosa, D	WSH	SS	114	333	31	73	14	3	8	27	18	122	8	1	.219	.283	.351	.634	
 Dunn, A	OAK	1B	131	429	49	94	18	0	22	64	71	159	1	1	.219	.337	.415	.752	
 Pinto, J	MIN	C	57	169	25	37	8	0	7	18	24	50	0	1	.219	.315	.391	.705	
 Freiman, N	OAK	1B	36	87	12	19	5	0	5	15	5	23	0	0	.218	.269	.448	.717	
 Kratz, E	KC	C	47	110	12	24	4	0	5	13	4	22	0	0	.218	.243	.391	.634	
 Morales, K	SEA	1B	98	367	28	80	20	0	8	42	27	68	0	0	.218	.274	.338	.612	
 Avila, A	DET	C	124	390	44	85	22	0	11	47	61	151	0	3	.218	.327	.359	.686	
 Goebbert, J	SD	LF	51	101	12	22	1	3	1	10	12	32	2	1	.218	.313	.317	.630	
 Hanigan, R	TB	C	84	225	18	49	9	0	5	34	31	39	1	0	.218	.318	.324	.642	
 Olivo, M	LAD	C	8	23	4	5	0	1	0	2	1	12	0	0	.217	.240	.304	.544	
 Bruce, J	CIN	RF	137	493	71	107	21	1	18	66	44	149	12	3	.217	.281	.373	.654	
 Figgins, C	LAD	3B	38	60	8	13	3	0	0	1	14	15	4	1	.217	.373	.267	.640	
 Giavotella, J	KC	2B	12	37	8	8	1	0	1	5	1	5	0	1	.216	.268	.324	.593	
 Phegley, J	CWS	C	11	37	4	8	2	0	3	7	0	11	0	0	.216	.211	.514	.724	
 Teixeira, M	NYY	1B	123	440	56	95	14	0	22	62	58	109	1	1	.216	.313	.398	.711	
 Willingham, J	KC	LF	92	297	48	64	10	1	14	40	53	102	2	0	.215	.346	.397	.743	
 Johnson, K	BAL	3B	106	265	29	57	14	2	7	27	29	71	2	2	.215	.296	.362	.659	
 Hicks, A	MIN	CF	69	186	22	40	8	0	1	18	36	56	4	3	.215	.341	.274	.615	
 Craig, A	BOS	RF	126	461	41	99	20	1	8	46	35	113	2	1	.215	.279	.315	.594	
 Dominguez, M	HOU	3B	157	564	51	121	17	0	16	57	29	125	0	1	.215	.256	.330	.586	
 Valdespin, J	MIA	2B	52	98	8	21	2	1	3	10	9	16	1	0	.214	.280	.347	.627	
 Williams, J	LAA	C	7	14	1	3	0	0	1	3	2	4	0	0	.214	.313	.429	.741	
 Fryer, E	MIN	C	28	75	11	16	4	0	1	5	5	15	1	0	.213	.272	.307	.578	
 Herrmann, C	MIN	C	33	75	8	16	3	0	0	4	4	17	1	0	.213	.253	.253	.506	
 Sucre, J	SEA	C	21	61	4	13	2	0	0	5	0	17	0	0	.213	.213	.246	.459	
 Ciriaco, P	ATL	2B	25	47	7	10	2	0	0	2	0	9	4	0	.213	.229	.255	.484	
 Mayberry, J	TOR	LF	78	146	15	31	10	0	7	23	20	35	0	0	.212	.310	.425	.734	
 Moustakas, M	KC	3B	140	457	45	97	21	1	15	54	35	74	1	0	.212	.271	.361	.632	
 Lake, J	CHC	LF	108	308	30	65	10	3	9	25	14	110	7	3	.211	.246	.351	.597	
 Rodriguez, S	TB	2B	96	237	30	50	13	3	12	41	10	66	2	1	.211	.258	.443	.701	
 Butler, D	BOS	C	7	19	1	4	3	0	0	2	1	5	0	0	.211	.250	.368	.618	
 Johnson, D	TOR	1B	15	38	8	8	2	0	1	7	7	10	0	0	.211	.333	.342	.675	
 Gyorko, J	SD	2B	111	400	37	84	17	1	10	51	36	100	3	2	.210	.280	.333	.612	
 Villar, J	HOU	SS	87	263	31	55	13	2	7	27	19	80	17	4	.209	.267	.354	.620	
 Schoop, J	BAL	2B	137	455	48	95	18	0	16	45	13	122	2	0	.209	.244	.354	.598	
 Swisher, N	CLE	1B	97	360	33	75	20	0	8	42	36	111	0	0	.208	.278	.331	.608	
 Upton, M	ATL	CF	141	519	67	108	19	5	12	35	57	173	20	7	.208	.287	.333	.620	
 Hairston, S	WSH	LF	61	77	6	16	4	0	1	8	4	26	0	0	.208	.253	.299	.552	
 Joseph, C	BAL	C	82	246	22	51	9	0	9	28	17	69	0	1	.207	.264	.354	.618	
 Punto, N	OAK	2B	73	198	21	41	7	2	2	14	25	56	3	1	.207	.296	.293	.589	
 Quintanilla, O	NYM	SS	15	29	2	6	1	0	0	3	2	5	0	0	.207	.258	.241	.499	
 Konerko, P	CWS	1B	81	208	15	43	8	0	5	22	10	51	0	0	.207	.254	.317	.572	
 Taylor, M	WSH	CF	17	39	5	8	3	0	1	5	3	17	0	2	.205	.279	.359	.638	
 Alcantara, A	CHC	2B	70	278	31	57	11	2	10	29	17	93	8	5	.205	.254	.367	.621	
 Laird, G	ATL	C	53	152	12	31	8	0	0	10	14	33	0	0	.204	.275	.257	.532	
 Hart, C	SEA	DH	68	232	17	47	9	0	6	21	16	59	2	0	.203	.271	.319	.590	
 Smoak, J	TOR	1B	80	248	28	50	13	0	7	30	24	66	0	1	.202	.275	.339	.614	
 Recker, A	NYM	C	58	174	18	35	9	0	7	27	10	64	1	1	.201	.246	.374	.620	
 Ahmed, N	ARI	SS	25	70	9	14	2	0	1	4	3	10	0	1	.200	.233	.271	.504	
 Centeno, J	MIL	C	10	30	1	6	0	0	0	2	3	5	0	0	.200	.273	.200	.473	
 Cruz, T	STL	C	50	135	11	27	5	0	1	17	13	28	0	3	.200	.270	.259	.530	
 Mathis, J	MIA	C	64	175	12	35	7	0	2	12	15	64	0	0	.200	.263	.274	.537	
 Moore, A	SD	C	9	10	1	2	1	0	0	1	2	5	0	0	.200	.333	.300	.633	
 Pastornicky, T	ATL	2B	28	40	4	8	0	1	0	2	6	11	0	1	.200	.304	.250	.554	
 Perez, E	NYY	CF	4	10	2	2	0	0	0	0	0	3	1	0	.200	.200	.200	.400	
 Perez, H	DET	2B	8	5	1	1	0	0	0	0	1	1	0	0	.200	.333	.200	.533	
 Raburn, R	CLE	LF	74	195	18	39	7	0	4	22	13	51	0	0	.200	.250	.297	.547	
 Scruggs, X	STL	1B	9	15	0	3	1	0	0	2	2	7	0	0	.200	.333	.267	.600	
 Zunino, M	SEA	C	131	438	51	87	20	2	22	60	17	158	0	3	.199	.254	.404	.658	
 Bradley, J	BOS	CF	127	384	45	76	19	2	1	30	31	121	8	0	.198	.265	.266	.531	
 Doumit, R	ATL	LF	100	157	11	31	4	0	5	17	7	49	1	0	.197	.235	.318	.553	
 Murphy, D	ATL	2B	45	112	11	22	3	0	4	14	11	38	0	1	.196	.268	.330	.598	
 Sanchez, H	SF	C	66	163	8	32	8	0	3	28	8	55	0	1	.196	.237	.301	.538	
 Reynolds, M	MIL	1B	130	378	47	74	9	0	22	45	47	122	5	1	.196	.287	.394	.681	
 Davis, C	BAL	1B	127	450	65	88	16	0	26	72	60	173	2	1	.196	.300	.404	.704	
 Schierholtz, N	WSH	RF	122	353	32	69	11	4	7	37	20	84	4	5	.195	.243	.309	.552	
 Culberson, C	COL	3B	95	210	17	41	7	2	3	24	12	62	2	2	.195	.253	.290	.544	
 Arruebarrena, E	LAD	SS	22	41	4	8	1	0	0	4	3	17	0	0	.195	.244	.220	.464	
 Kieschnick, R	LAA	RF	25	41	2	8	1	0	1	2	0	16	0	0	.195	.195	.293	.488	
 Krauss, M	HOU	1B	67	186	16	36	6	0	6	21	21	54	0	0	.194	.279	.323	.601	
 Wheeler, Z	NYY	3B	29	57	6	11	0	0	2	5	2	12	0	0	.193	.230	.298	.528	
 Baker, J	CHC	C	68	182	9	35	7	0	0	15	19	58	0	0	.192	.273	.231	.504	
 Parker, K	COL	RF	18	26	1	5	1	0	0	1	0	14	0	0	.192	.192	.231	.423	
 Romero, S	SEA	RF	72	177	19	34	6	2	3	11	4	48	0	4	.192	.234	.299	.533	
 Duvall, A	SF	1B	28	73	8	14	2	0	3	5	3	20	0	0	.192	.234	.342	.576	
 Ellis, A	LAD	C	93	283	21	54	9	0	3	25	53	57	0	0	.191	.323	.254	.577	
 Middlebrooks, W	BOS	3B	63	215	14	41	10	0	2	19	15	70	1	1	.191	.256	.265	.522	
 Sands, J	TB	LF	12	21	1	4	0	0	1	4	0	6	0	0	.190	.227	.333	.561	
 Butera, D	LAD	C	61	170	16	32	6	1	3	14	17	41	0	0	.188	.267	.288	.555	
 Guzman, J	HOU	1B	69	165	10	31	4	0	2	9	19	52	3	0	.188	.272	.248	.520	
 Goins, R	TOR	2B	67	181	14	34	6	3	1	15	5	42	0	1	.188	.209	.271	.479	
 Hannahan, J	CIN	1B	26	48	3	9	3	0	0	2	2	17	0	0	.188	.220	.250	.470	
 Marte, A	ARI	3B	6	16	1	3	0	0	1	3	0	3	0	0	.188	.188	.375	.563	
 O'Malley, S	LAA	LF	11	16	3	3	0	0	0	1	0	8	2	0	.188	.188	.188	.375	
 Sellers, J	PIT	SS	17	16	1	3	0	0	0	0	3	4	0	1	.188	.316	.188	.503	
 Boesch, B	LAA	RF	27	75	6	14	2	0	2	7	2	19	3	0	.187	.203	.293	.496	
 Campana, T	LAA	CF	44	75	10	14	1	1	0	5	0	16	4	2	.187	.197	.227	.424	
 Barnhart, T	CIN	C	21	54	3	10	0	0	1	1	4	10	0	0	.185	.241	.241	.482	
 Clark, M	MIL	1B	16	27	4	5	0	0	3	7	2	8	0	0	.185	.226	.519	.744	
 Ross, D	BOS	C	50	152	16	28	7	0	7	15	16	58	0	1	.184	.260	.368	.629	
 Rupp, C	PHI	C	18	60	4	11	4	0	0	6	4	20	0	0	.183	.234	.250	.484	
 Brown, A	OAK	RF	19	44	6	8	1	0	2	7	3	15	0	0	.182	.245	.341	.586	
 Choice, M	TEX	LF	86	253	20	46	6	1	9	36	21	69	1	0	.182	.250	.320	.570	
 Elmore, J	CIN	SS	5	11	0	2	0	0	0	0	1	4	0	0	.182	.250	.182	.432	
 Lopez, R	CHC	C	7	11	0	2	0	0	0	1	2	4	0	0	.182	.286	.182	.468	
 Rojas, M	LAD	SS	85	149	16	27	3	0	1	9	10	28	0	0	.181	.242	.221	.464	
 Walters, Z	CLE	2B	62	127	16	23	3	0	10	17	9	48	0	0	.181	.241	.441	.682	
 Schafer, L	MIL	RF	65	116	13	21	9	1	0	8	15	27	2	1	.181	.278	.276	.554	
 Ellis, M	STL	2B	73	178	15	32	6	0	0	12	14	38	4	1	.180	.253	.213	.466	
 Morel, B	PIT	3B	23	39	1	7	2	0	0	4	2	9	0	0	.179	.220	.231	.450	
 Franco, M	PHI	3B	16	56	5	10	2	0	0	5	1	13	0	0	.179	.190	.214	.404	
 Molina, J	TB	C	80	225	4	40	2	0	0	10	14	55	3	0	.178	.230	.187	.417	
 Arencibia, J	TEX	1B	62	203	20	36	9	0	10	35	10	62	0	0	.177	.239	.369	.608	
 Quentin, C	SD	LF	50	130	9	23	6	0	4	18	17	33	0	0	.177	.284	.315	.599	
 Galvis, F	PHI	SS	43	119	14	21	3	1	4	12	8	30	1	0	.176	.227	.319	.546	
 Lutz, D	CIN	1B	28	51	2	9	4	0	0	1	3	19	0	0	.176	.222	.255	.477	
 Stewart, I	LAA	3B	24	68	8	12	2	3	2	7	3	31	1	0	.176	.222	.382	.605	
 Carp, M	TEX	1B	59	126	11	22	5	1	0	13	16	31	0	1	.175	.289	.230	.519	
 McLouth, N	WSH	LF	79	139	10	24	6	0	1	7	16	35	4	1	.173	.280	.237	.517	
 Hoes, L	HOU	LF	55	122	12	21	5	0	3	11	10	31	0	0	.172	.230	.287	.517	
 Bianchi, J	MIL	SS	29	70	4	12	1	0	0	6	3	17	0	0	.171	.203	.186	.388	
 Furcal, R	MIA	2B	9	35	4	6	0	1	0	2	2	7	0	0	.171	.216	.229	.445	
 McDonald, J	LAA	3B	95	76	4	13	2	0	0	5	7	18	1	1	.171	.256	.197	.453	
 Dobbs, G	WSH	1B	36	41	0	7	1	0	0	2	1	8	0	0	.171	.186	.195	.381	
 Perez, J	SF	RF	61	100	13	17	7	0	1	3	5	25	0	1	.170	.224	.270	.494	
 Marte, A	LAA	LF	44	106	8	18	5	1	2	9	6	34	1	0	.170	.221	.292	.514	
 Baez, J	CHC	SS	52	213	25	36	6	0	9	20	15	95	5	1	.169	.227	.324	.551	
 Adduci, J	TEX	RF	44	101	13	17	3	0	1	8	10	27	3	1	.168	.239	.228	.467	
 Singleton, J	HOU	1B	95	310	42	52	13	0	13	44	50	134	2	3	.168	.285	.335	.620	
 Bernadina, R	LAD	LF	53	66	5	11	3	0	1	9	10	19	2	1	.167	.304	.258	.561	
 Burns, B	OAK	CF	13	6	4	1	0	0	0	0	0	0	3	1	.167	.167	.167	.333	
 Casali, C	TB	C	30	72	10	12	3	0	0	3	8	23	0	0	.167	.268	.208	.477	
 Gonzalez, A	DET	SS	9	30	4	5	0	1	0	2	2	4	0	0	.167	.219	.233	.452	
 Ibanez, R	KC	LF	90	246	23	41	8	3	5	26	33	59	3	2	.167	.264	.285	.549	
 Rodriguez, G	TEX	SS	7	12	2	2	0	0	0	1	1	5	0	0	.167	.231	.167	.397	
 Ryan, B	NYY	SS	49	114	5	19	4	0	0	8	4	30	0	2	.167	.211	.202	.413	
 Snyder, B	TEX	1B	10	30	3	5	1	0	2	3	4	10	0	0	.167	.265	.400	.665	
 Walker, C	BAL	1B	6	18	1	3	1	0	1	1	1	9	0	0	.167	.211	.389	.599	
 Worth, D	DET	SS	18	42	5	7	1	0	0	5	2	12	0	1	.167	.217	.190	.408	
 Garcia, L	CWS	2B	73	145	13	24	3	0	1	6	5	48	11	1	.166	.192	.207	.399	
 Drew, S	NYY	2B	85	271	18	44	14	1	7	26	27	75	1	1	.162	.237	.299	.536	
 Jimenez, L	MIL	3B	18	37	3	6	2	0	0	2	0	13	0	0	.162	.205	.216	.421	
 Hicks, B	SF	2B	71	204	27	33	6	1	8	22	32	77	0	1	.162	.280	.319	.599	
 Franklin, N	TB	SS	28	81	7	13	2	1	1	6	6	32	2	0	.160	.222	.247	.469	
 Getz, C	TOR	2B	10	25	1	4	1	0	0	0	1	4	2	0	.160	.222	.200	.422	
 Olt, M	CHC	3B	89	225	23	36	8	0	12	33	25	100	0	1	.160	.248	.356	.604	
 Barton, D	OAK	1B	30	57	7	9	1	0	0	5	5	14	0	0	.158	.234	.175	.410	
 Diaz, J	TOR	SS	23	38	3	6	1	0	0	4	3	14	1	0	.158	.256	.184	.440	
 Gindl, C	MIL	RF	8	19	0	3	0	0	0	0	4	5	0	0	.158	.304	.158	.462	
 Leon, S	WSH	C	20	64	7	10	1	0	1	3	6	20	0	0	.156	.229	.219	.447	
 Gwynn Jr., T	PHI	CF	80	105	14	16	2	1	0	3	15	23	3	0	.152	.264	.190	.455	
 Parrino, A	OAK	SS	21	46	4	7	3	0	1	3	3	14	0	0	.152	.216	.283	.498	
 Gomez, H	MIL	2B	15	20	2	3	1	0	0	1	1	9	0	0	.150	.190	.200	.390	
 Maxwell, J	KC	CF	20	40	4	6	1	0	0	3	2	20	0	1	.150	.222	.175	.397	
 Robinson, S	STL	CF	47	60	3	9	1	1	0	4	6	10	0	1	.150	.227	.200	.427	
 Uggla, D	SF	2B	52	141	14	21	3	0	2	10	11	46	0	0	.149	.229	.213	.442	
 Shuck, J	CLE	LF	38	110	12	16	1	0	2	9	3	12	2	0	.145	.168	.209	.377	
 Garcia, G	STL	2B	14	14	2	2	1	0	0	1	1	6	0	0	.143	.333	.214	.548	
 Pederson, J	LAD	CF	18	28	1	4	0	0	0	0	9	11	0	0	.143	.351	.143	.494	
 Teagarden, T	NYM	C	9	28	1	4	0	0	1	5	2	7	0	0	.143	.200	.250	.450	
 Wilkins, A	CWS	1B	17	43	2	6	2	0	0	2	2	22	0	0	.140	.178	.186	.364	
 Almonte, Z	NYY	LF	13	36	2	5	0	0	1	3	0	14	1	0	.139	.139	.222	.361	
 Anna, D	PIT	SS	12	22	3	3	1	0	1	3	2	6	0	0	.136	.200	.318	.518	
 Pena, C	TEX	1B	18	59	4	8	3	0	1	2	4	11	1	0	.136	.190	.237	.428	
 Nady, X	SEA	LF	22	37	4	5	1	0	3	4	5	9	0	0	.135	.238	.405	.644	
 Hayes, B	KC	C	27	52	3	7	1	0	1	2	1	12	0	0	.135	.151	.212	.362	
 Giambi, J	CLE	DH	26	60	3	8	2	0	2	5	9	12	0	0	.133	.257	.267	.524	
 Triunfel, C	LAD	SS	12	15	3	2	0	0	1	1	1	5	0	0	.133	.188	.333	.521	
 Souza Jr., S	WSH	RF	21	23	2	3	0	0	2	2	3	7	0	0	.130	.231	.391	.622	
 Martinez, M	PIT	2B	26	39	2	5	1	0	0	2	4	13	0	0	.128	.209	.154	.363	
 Hassan, A	BOS	RF	3	8	1	1	0	0	0	0	1	5	0	0	.125	.222	.125	.347	
 Aguilar, J	CLE	1B	19	33	2	4	0	0	0	3	4	13	0	0	.121	.211	.121	.332	
 Nix, J	KC	2B	41	83	2	10	0	0	1	4	3	28	1	2	.120	.169	.157	.325	
 Whiteside, E	CHC	C	8	25	0	3	1	0	0	2	0	8	1	0	.120	.115	.160	.275	
 Mastroianni, D	PHI	RF	21	43	7	5	0	0	1	2	1	10	1	0	.116	.136	.186	.322	
 Peterson, J	SD	2B	27	53	3	6	0	0	0	0	2	18	2	0	.113	.161	.113	.274	
 Federowicz, T	LAD	C	23	71	2	8	3	0	1	5	3	18	0	0	.113	.158	.197	.355	
 Rogers, J	MIL	3B	8	9	0	1	1	0	0	0	1	1	0	0	.111	.200	.222	.422	
 Johnson, E	CLE	2B	7	19	1	2	2	0	0	0	0	7	0	0	.105	.105	.211	.316	
 Roberts, R	BOS	3B	8	19	1	2	0	0	0	0	3	7	0	0	.105	.227	.105	.333	
 Belnome, V	TB	1B	4	10	1	1	1	0	0	1	3	3	0	0	.100	.286	.200	.486	
 Conrad, B	SD	2B	13	30	2	3	1	0	1	2	3	14	0	0	.100	.176	.233	.410	
 Falu, I	MIL	2B	22	30	0	3	0	0	0	1	4	5	1	0	.100	.200	.100	.300	
 Paul, X	ARI	LF	14	20	2	2	0	0	0	0	1	8	0	0	.100	.143	.100	.243	
 Soto, N	CIN	1B	21	30	1	3	1	0	0	1	0	8	1	0	.100	.097	.133	.230	
 Florimon, P	WSH	SS	33	76	7	7	1	1	0	1	8	22	6	0	.092	.179	.132	.310	
 Scutaro, M	SF	2B	5	11	1	1	0	0	0	0	1	3	0	0	.091	.167	.091	.258	
 Satin, J	NYM	1B	25	35	2	3	2	0	0	3	6	14	0	0	.086	.256	.143	.399	
 Francoeur, J	SD	RF	10	24	2	2	0	0	0	1	3	7	0	0	.083	.179	.083	.262	
 Guerrero, A	LAD	LF	11	13	0	1	0	0	0	0	0	6	0	0	.077	.077	.077	.154	
 Adames, C	COL	SS	7	15	1	1	0	0	0	0	0	5	0	0	.067	.067	.067	.133	
 Glenn, B	TOR	RF	6	15	0	1	0	0	0	0	1	5	0	0	.067	.125	.067	.192	
 Dominguez, C	SF	RF	8	17	1	1	0	0	1	2	1	4	0	0	.059	.111	.235	.346	
 Romak, J	LAD	3B	15	21	2	1	1	0	0	3	2	8	0	0	.048	.130	.095	.226	
 Abreu, T	SF	2B	3	4	0	0	0	0	0	0	0	0	0	0	.000	.000	.000	.000	
 Adams, L	KC	CF	6	3	1	0	0	0	0	0	0	2	0	0	.000	.000	.000	.000	
 Altherr, A	PHI	CF	2	5	0	0	0	0	0	0	0	2	0	0	.000	.000	.000	.000	
 Anderson, B	OAK	C	1	1	0	0	0	0	0	0	0	0	0	0	.000	.000	.000	.000	
 Bartlett, J	MIN	SS	3	3	3	0	0	0	0	0	0	3	0	0	.000	.250	.000	.250	
 Baxter, M	LAD	RF	4	7	0	0	0	0	0	0	1	2	0	0	.000	.125	.000	.125	
 Berry, Q	BAL	LF	10	2	3	0	0	0	0	0	0	1	1	0	.000	.000	.000	.000	
 Brown, C	BOS	CF	3	1	0	0	0	0	0	0	0	1	0	0	.000	.000	.000	.000	
 Butler, J	STL	RF	6	5	0	0	0	0	0	0	1	3	0	0	.000	.167	.000	.167	
 Casilla, A	BAL	2B	1	4	0	0	0	0	0	0	0	1	0	0	.000	.000	.000	.000	
 Cedeno, R	ARI	SS	7	9	0	0	0	0	0	0	0	2	0	0	.000	.000	.000	.000	
 Constanza, J	ATL	LF	12	4	1	0	0	0	0	0	0	1	0	0	.000	.000	.000	.000	
 Decker, J	PIT	LF	5	5	0	0	0	0	0	0	0	3	0	0	.000	.000	.000	.000	
 Gore, T	KC	LF	11	1	5	0	0	0	0	0	0	0	5	0	.000	.500	.000	.500	
 Hague, M	TOR	1B	3	2	0	0	0	0	0	0	0	1	0	0	.000	.000	.000	.000	
 Jackson, B	ARI	CF	7	4	0	0	0	0	0	0	1	1	0	0	.000	.200	.000	.200	
 Kobernus, J	WSH	LF	4	6	2	0	0	0	0	0	1	1	0	0	.000	.250	.000	.250	
 Lavarnway, R	BOS	C	9	10	0	0	0	0	0	0	0	3	0	0	.000	.000	.000	.000	
 Pham, T	STL	LF	6	2	0	0	0	0	0	0	0	2	0	0	.000	.000	.000	.000	
 Phelps, C	BAL	3B	3	3	0	0	0	0	0	0	0	0	0	0	.000	.000	.000	.000	
 Pridie, J	COL	CF	2	4	1	0	0	0	0	0	0	2	0	0	.000	.000	.000	.000	
 Quintero, H	SEA	C	3	2	0	0	0	0	0	1	0	1	0	0	.000	.000	.000	.000	
 Quiroz, G	SF	C	2	3	0	0	0	0	0	0	0	0	0	0	.000	.000	.000	.000	
 Santana, D	HOU	LF	6	17	1	0	0	0	0	0	1	14	0	0	.000	.056	.000	.056	
 Solis, A	TB	C	8	6	0	0	0	0	0	1	0	4	0	0	.000	.000	.000	.000	
 Tovar, W	NYM	2B	2	3	0	0	0	0	0	0	0	0	0	0	.000	.000	.000	.000	
 D'Arnaud, C	PIT	2B	8	0	2	0	0	0	0	0	0	0	0	2	-	-	-	.000	
 Pagnozzi, M	MIL	C	1	0	0	0	0	0	0	0	0	0	0	0	-	-	-	.000	
 Pena, F	KC	C	1	0	0	0	0	0	0	0	0	0	0	0	-	-	-	.000	
 Perez, A	STL	C	1	0	0	0	0	0	0	0	1	0	0	0	-	1.000	-	1.000	
