 Brett, R	TB	2B	3	3	0	2	1	0	0	0	1	0	0	0	.667	.750	1.000	1.750	
 Burriss, E	WSH	2B	5	3	2	2	0	0	0	0	2	0	0	0	.667	.800	.667	1.467	
 Bandy, J	LAA	C	2	2	1	1	0	0	1	1	0	0	0	0	.500	.500	2.000	2.500	
 Noel, R	NYY	CF	15	2	5	1	0	0	0	0	0	0	5	2	.500	.500	.500	1.000	
 Tartamella, T	STL	C	3	2	0	1	0	0	0	0	0	0	0	0	.500	.500	.500	1.000	
 Anderson, B	OAK	C	4	5	0	2	0	0	0	1	1	1	0	0	.400	.429	.400	.829	
 Heathcott, S	NYY	CF	17	25	6	10	2	0	2	8	2	5	0	1	.400	.429	.720	1.149	
 O'Brien, P	ARI	LF	8	10	1	4	1	0	1	3	2	5	0	0	.400	.500	.800	1.300	
 Stanley, C	STL	C	9	10	2	4	1	0	0	3	0	3	0	0	.400	.400	.500	.900	
 Stassi, M	HOU	C	11	15	4	6	0	0	1	2	1	5	0	0	.400	.438	.600	1.038	
 Duffy, M	HOU	3B	8	8	0	3	1	0	0	3	1	2	0	0	.375	.444	.500	.944	
 Sanchez, T	PIT	C	3	8	2	3	0	0	0	0	1	3	0	0	.375	.444	.375	.819	
 Cabrera, R	CIN	C	13	30	4	11	1	0	1	3	0	5	0	0	.367	.367	.500	.867	
 Parker, J	SF	RF	21	49	11	17	2	0	6	14	5	21	1	1	.347	.407	.755	1.163	
 Cabrera, M	DET	1B	119	429	64	145	28	1	18	76	77	82	1	1	.338	.440	.534	.974	
 Seager, C	LAD	SS	27	98	17	33	8	1	4	17	14	19	2	0	.337	.425	.561	.986	
 Fields, D	MIL	LF	1	3	1	1	1	0	0	0	0	2	0	0	.333	.333	.667	1.000	
 Gordon, D	MIA	2B	145	615	88	205	24	8	4	46	25	91	58	20	.333	.359	.418	.776	
 Marte, A	LAA	LF	5	6	0	2	0	0	0	0	1	1	0	0	.333	.500	.333	.833	
 Reed, M	MIL	RF	7	6	2	2	1	0	0	0	0	3	0	0	.333	.333	.500	.833	
 Romak, J	ARI	LF	12	15	2	5	2	0	0	1	1	6	0	0	.333	.375	.467	.842	
 Torreyes, R	LAD	SS	8	6	1	2	1	0	0	1	1	1	0	0	.333	.429	.500	.929	
 Weeks, J	BOS	2B	3	9	1	3	0	0	0	1	0	2	0	0	.333	.333	.333	.667	
 Harper, B	WSH	RF	153	521	118	172	38	1	42	99	124	131	6	4	.330	.460	.649	1.109	
 Colabello, C	TOR	1B	101	333	55	107	19	1	15	54	22	96	2	0	.321	.367	.520	.886	
 Goldschmidt, P	ARI	1B	159	567	103	182	38	2	33	110	118	151	21	5	.321	.435	.570	1.005	
 Bogaerts, X	BOS	SS	156	613	84	196	35	3	7	81	32	101	10	2	.320	.355	.421	.776	
 Posey, B	SF	C	150	557	74	177	28	0	19	95	56	52	2	0	.318	.379	.470	.849	
 Aguilar, J	CLE	1B	7	19	0	6	1	0	0	2	0	7	0	0	.316	.350	.368	.718	
 Wilson, J	DET	2B	21	38	4	12	3	0	0	5	0	15	0	0	.316	.350	.395	.745	
 Pollock, A	ARI	CF	157	609	111	192	39	6	20	76	53	89	39	7	.315	.367	.498	.865	
 Escobar, Y	WSH	3B	139	535	75	168	25	1	9	56	45	70	2	2	.314	.375	.415	.790	
 Votto, J	CIN	1B	158	545	95	171	33	2	29	80	143	135	11	3	.314	.459	.541	1.000	
 Altuve, J	HOU	2B	154	638	86	200	40	4	15	66	33	67	38	13	.313	.353	.459	.812	
 Blanks, K	TEX	1B	18	67	10	21	5	0	3	6	4	20	1	0	.313	.352	.522	.875	
 Lindor, F	CLE	SS	99	390	50	122	22	4	12	51	27	69	12	2	.313	.353	.482	.835	
 Peralta, D	ARI	LF	149	462	61	144	26	10	17	78	44	107	9	4	.312	.371	.522	.893	
 Panik, J	SF	2B	100	382	59	119	27	2	8	37	38	42	3	2	.312	.378	.455	.833	
 Gosselin, P	ARI	2B	44	106	19	33	9	1	3	15	9	16	2	1	.311	.373	.500	.873	
 Brantley, M	CLE	LF	137	529	68	164	45	0	15	84	60	51	15	1	.310	.379	.480	.859	
 Arencibia, J	TB	C	24	71	9	22	3	0	6	17	1	22	0	0	.310	.315	.606	.921	
 Morneau, J	COL	1B	49	168	19	52	10	3	3	15	13	25	0	0	.310	.363	.458	.821	
 Hernandez, E	LAD	LF	76	202	24	62	12	2	7	22	11	46	0	2	.307	.346	.490	.836	
 Cain, L	KC	CF	140	551	101	169	34	6	16	72	37	98	28	6	.307	.361	.477	.838	
 Revere, B	TOR	LF	152	592	84	181	22	7	2	45	32	64	31	7	.306	.342	.377	.719	
 Fielder, P	TEX	DH	158	613	78	187	28	0	23	98	64	88	0	0	.305	.378	.463	.841	
 Piscotty, S	STL	RF	63	233	29	71	15	4	7	39	20	56	2	1	.305	.359	.494	.853	
 Travis, D	TOR	2B	62	217	38	66	18	0	8	35	18	43	3	1	.304	.361	.498	.859	
 Dickerson, C	COL	LF	65	224	30	68	18	2	10	31	10	56	0	1	.304	.333	.536	.869	
 Inciarte, E	ARI	RF	132	524	73	159	27	5	6	45	26	58	21	10	.303	.338	.408	.747	
 Tomlinson, K	SF	2B	54	178	23	54	6	3	2	20	14	40	5	4	.303	.358	.404	.762	
 Brito, S	ARI	CF	18	33	5	10	3	1	0	1	1	7	1	0	.303	.324	.455	.778	
 Kipnis, J	CLE	2B	141	565	86	171	43	7	9	52	57	107	12	8	.303	.372	.451	.823	
 Refsnyder, R	NYY	2B	16	43	3	13	3	0	2	5	3	7	2	0	.302	.348	.512	.859	
 Wallace, B	SD	3B	64	96	14	29	6	0	5	16	10	31	0	0	.302	.374	.521	.895	
 Cruz, N	SEA	DH	152	590	90	178	22	1	44	93	59	164	3	2	.302	.369	.566	.936	
 LeMahieu, D	COL	2B	150	564	85	170	21	5	6	61	50	107	23	3	.301	.358	.388	.746	
 Span, D	WSH	CF	61	246	38	74	17	0	5	22	25	26	11	0	.301	.365	.431	.796	
 Raburn, R	CLE	LF	82	173	22	52	16	1	8	29	23	44	0	0	.301	.393	.543	.936	
 Hundley, N	COL	C	103	366	45	110	21	5	10	43	21	76	5	6	.301	.339	.467	.807	
 Iglesias, J	DET	SS	120	416	44	125	17	3	2	23	25	44	11	8	.300	.347	.370	.717	
 Yelich, C	MIA	LF	126	476	63	143	30	2	7	44	47	101	16	5	.300	.366	.416	.782	
 Polanco, J	MIN	SS	4	10	1	3	0	0	0	1	2	1	1	0	.300	.417	.300	.717	
 Pierzynski, A	ATL	C	113	407	38	122	24	1	9	49	19	37	0	2	.300	.339	.430	.769	
 Trout, M	LAA	CF	159	575	104	172	32	6	41	90	92	158	11	7	.299	.402	.590	.991	
 Hosmer, E	KC	1B	158	599	98	178	33	5	18	93	61	108	7	3	.297	.363	.459	.822	
 Herrera, O	PHI	CF	147	495	64	147	30	3	8	41	28	129	16	8	.297	.344	.418	.762	
 Donaldson, J	TOR	3B	158	620	122	184	41	2	41	123	73	133	6	0	.297	.371	.568	.939	
 Kinsler, I	DET	2B	154	624	94	185	35	7	11	73	43	80	10	6	.296	.342	.428	.770	
 Rogers, J	MIL	1B	86	152	22	45	6	2	4	16	15	34	0	0	.296	.367	.441	.808	
 Markakis, N	ATL	RF	156	612	73	181	38	1	3	53	70	83	2	1	.296	.370	.376	.746	
 Kendrick, H	LAD	2B	117	464	64	137	22	2	9	54	27	82	6	2	.295	.336	.409	.746	
 Mahtook, M	TB	CF	41	105	22	31	5	1	9	19	6	31	4	3	.295	.351	.619	.970	
 Thompson, T	CWS	CF	44	122	17	36	8	3	5	16	13	26	1	0	.295	.363	.533	.896	
 Duffy, M	SF	3B	149	573	77	169	28	6	12	77	30	96	12	0	.295	.334	.428	.762	
 Cervelli, F	PIT	C	130	451	56	133	17	5	7	43	46	94	1	1	.295	.370	.401	.771	
 Burns, B	OAK	CF	125	520	70	153	18	9	5	42	26	81	26	8	.294	.334	.392	.726	
 Phillips, B	CIN	2B	148	588	69	173	19	2	12	70	27	68	23	3	.294	.328	.395	.723	
 Ethier, A	LAD	RF	142	395	54	116	20	7	14	53	43	75	2	3	.294	.366	.486	.852	
 Turner, J	LAD	3B	126	385	55	113	26	1	16	60	36	71	5	2	.294	.370	.491	.861	
 Heyward, J	STL	RF	154	547	79	160	33	4	13	60	56	90	23	3	.293	.359	.439	.797	
 Gutierrez, F	SEA	LF	59	171	27	50	11	0	15	35	14	54	0	0	.292	.354	.620	.974	
 Blanco, A	PHI	2B	106	233	32	68	22	3	7	25	21	44	1	1	.292	.360	.502	.863	
 McCutchen, A	PIT	CF	157	566	91	165	36	3	23	96	98	133	11	5	.292	.401	.488	.889	
 Betts, M	BOS	RF	145	597	92	174	42	8	18	77	46	82	21	6	.291	.341	.479	.820	
 Pedroia, D	BOS	2B	93	381	46	111	19	1	12	42	38	51	2	2	.291	.356	.441	.797	
 Cespedes, Y	NYM	LF	159	633	101	184	42	6	35	105	33	141	7	5	.291	.328	.542	.870	
 Parra, G	BAL	LF	155	547	83	159	36	5	14	51	28	92	14	4	.291	.328	.452	.780	
 Blanco, G	SF	LF	115	327	59	95	19	3	5	26	40	59	13	5	.291	.368	.413	.781	
 Abreu, J	CWS	1B	154	613	88	178	34	3	30	101	39	140	0	0	.290	.347	.502	.850	
 Morales, K	KC	DH	158	569	81	165	41	2	22	106	58	103	0	0	.290	.362	.485	.847	
 Valencia, D	OAK	3B	105	345	59	100	23	1	18	66	29	80	2	2	.290	.345	.519	.864	
 Colon, C	KC	2B	43	107	8	31	5	0	0	6	11	17	3	2	.290	.356	.336	.692	
 Gillespie, C	MIA	CF	67	145	17	42	10	2	2	16	10	27	4	1	.290	.333	.428	.761	
 Baez, J	CHC	SS	28	76	4	22	6	0	1	4	4	24	1	2	.289	.325	.408	.733	
 Tabata, J	LAD	RF	27	38	2	11	0	0	0	4	2	7	0	1	.289	.341	.289	.631	
 Wright, D	NYM	3B	38	152	24	44	7	0	5	17	22	36	2	1	.289	.379	.434	.814	
 Stewart, C	PIT	C	58	159	9	46	8	0	0	15	6	29	0	0	.289	.320	.340	.659	
 Prado, M	MIA	3B	129	500	52	144	22	2	9	63	37	68	1	0	.288	.338	.394	.732	
 Beltre, A	TEX	3B	143	567	83	163	32	4	18	83	41	65	1	0	.287	.334	.453	.788	
 Kang, J	PIT	3B	126	421	60	121	24	2	15	58	28	99	5	4	.287	.355	.461	.816	
 Arenado, N	COL	3B	157	616	97	177	43	4	42	130	34	110	2	5	.287	.323	.575	.898	
 Aoki, N	SF	LF	93	355	42	102	12	3	5	26	30	25	14	5	.287	.353	.380	.733	
 Clevenger, S	BAL	C	30	101	11	29	4	2	2	15	4	13	0	0	.287	.314	.426	.740	
 Harrison, J	PIT	2B	114	418	57	120	29	1	4	28	19	71	10	8	.287	.327	.390	.717	
 Eaton, A	CWS	CF	153	610	98	175	28	9	14	56	58	131	18	8	.287	.361	.431	.792	
 Cano, R	SEA	2B	156	624	82	179	34	1	21	79	43	107	2	6	.287	.334	.446	.779	
 Marte, S	PIT	LF	153	579	84	166	30	2	19	81	27	123	30	10	.287	.337	.444	.780	
 Blackmon, C	COL	CF	157	614	93	176	31	9	17	58	46	112	43	13	.287	.347	.450	.797	
 Jaso, J	TB	DH	70	185	23	53	17	0	5	22	28	39	1	2	.286	.380	.459	.839	
 Machado, M	BAL	3B	162	633	102	181	30	1	35	86	70	111	20	8	.286	.359	.502	.861	
 Janish, P	BAL	SS	14	35	4	10	3	0	0	3	0	3	0	0	.286	.278	.371	.649	
 Morel, B	OAK	3B	3	7	1	2	1	0	0	1	0	3	0	0	.286	.286	.429	.714	
 Williams, M	NYY	CF	8	21	3	6	3	0	1	3	1	3	0	0	.286	.318	.571	.890	
 Braun, R	MIL	LF	140	506	87	144	27	3	25	84	54	115	24	4	.285	.356	.498	.854	
 Villar, J	HOU	SS	53	116	18	33	7	1	2	11	10	29	7	2	.284	.339	.414	.752	
 Moustakas, M	KC	3B	147	549	73	156	34	1	22	82	43	76	1	2	.284	.348	.470	.817	
 Rutledge, J	BOS	2B	39	74	11	21	1	0	1	10	5	26	0	0	.284	.333	.338	.671	
 Marte, K	SEA	SS	57	219	25	62	14	3	2	17	24	43	8	4	.283	.351	.402	.753	
 Murphy, D	LAA	LF	132	361	38	102	18	1	10	50	20	49	0	2	.283	.318	.421	.739	
 Alonso, Y	SD	1B	103	354	50	100	18	1	5	31	42	48	2	5	.282	.361	.381	.742	
 Perez, J	SF	RF	22	39	5	11	3	0	0	2	1	6	1	0	.282	.300	.359	.659	
 Nunez, E	MIN	SS	72	188	23	53	14	1	4	20	12	29	8	4	.282	.327	.431	.758	
 Martinez, J	DET	RF	158	596	93	168	33	2	38	102	53	178	3	2	.282	.344	.535	.879	
 Rojas, M	MIA	2B	60	142	13	40	7	1	1	17	11	16	0	1	.282	.329	.366	.695	
 Forsythe, L	TB	2B	153	540	69	152	33	2	17	68	55	111	9	4	.281	.359	.444	.804	
 Holaday, B	DET	C	24	64	3	18	5	0	2	13	1	13	0	0	.281	.292	.453	.745	
 Hechavarria, A	MIA	SS	130	470	54	132	17	6	5	48	23	78	7	2	.281	.315	.374	.689	
 Murphy, D	NYM	2B	130	499	56	140	38	2	14	73	31	38	2	2	.281	.322	.449	.770	
 Belt, B	SF	1B	137	492	73	138	33	5	18	68	56	147	9	3	.280	.356	.478	.834	
 Robertson, D	LAA	LF	37	75	10	21	2	0	0	7	2	7	0	0	.280	.299	.307	.605	
 Tulowitzki, T	TOR	SS	128	486	77	136	27	0	17	70	38	114	1	0	.280	.337	.440	.777	
 Loney, J	TB	1B	104	361	25	101	16	0	4	32	23	34	2	4	.280	.322	.357	.680	
 Holt, B	BOS	2B	129	454	56	127	27	6	2	45	46	97	8	1	.280	.349	.379	.727	
 Franco, M	PHI	3B	80	304	45	85	22	1	14	50	26	52	1	0	.280	.343	.497	.840	
 Suarez, E	CIN	3B	97	372	42	104	19	2	13	48	17	94	4	1	.280	.315	.446	.761	
 Holliday, M	STL	LF	73	229	24	64	16	1	4	35	39	49	2	1	.279	.394	.410	.804	
 Correa, C	HOU	SS	99	387	52	108	22	1	22	68	40	78	14	4	.279	.345	.512	.857	
 Gonzalez, M	HOU	1B	120	344	44	96	18	1	12	34	16	74	4	5	.279	.317	.442	.759	
 Schoop, J	BAL	2B	86	305	34	85	17	0	15	39	9	79	2	0	.279	.306	.482	.788	
 Pillar, K	TOR	CF	159	586	76	163	31	2	12	56	28	85	25	4	.278	.314	.399	.713	
 Rizzo, A	CHC	1B	160	586	94	163	38	3	31	101	78	105	17	6	.278	.387	.512	.899	
 Moreland, M	TEX	1B	132	471	51	131	27	0	23	85	32	112	1	0	.278	.330	.482	.812	
 Garcia, A	ATL	3B	58	191	20	53	12	0	10	26	5	35	0	0	.277	.293	.497	.790	
 Murphy, J	NYY	C	67	155	21	43	9	1	3	14	12	43	0	0	.277	.327	.406	.734	
 Paulsen, B	COL	1B	116	325	42	90	19	4	11	49	23	92	1	2	.277	.326	.462	.787	
 Lind, A	MIL	1B	149	502	72	139	32	0	20	87	66	100	0	0	.277	.360	.460	.820	
 Encarnacion, E	TOR	DH	146	528	94	146	31	0	39	111	77	98	3	2	.277	.372	.557	.929	
 Freeman, F	ATL	1B	118	416	62	115	27	0	18	66	56	98	3	1	.276	.370	.471	.841	
 Butler, J	TB	LF	88	257	30	71	12	0	8	30	16	82	5	2	.276	.326	.416	.742	
 Zobrist, B	KC	2B	126	467	76	129	36	3	13	56	62	56	3	4	.276	.359	.450	.809	
 Beltran, C	NYY	RF	133	478	57	132	34	1	19	67	45	85	0	0	.276	.337	.471	.808	
 Arcia, O	MIN	LF	19	58	6	16	0	0	2	8	4	15	0	0	.276	.338	.379	.718	
 Navarro, R	BAL	2B	10	29	5	8	2	0	1	3	0	3	0	0	.276	.276	.448	.724	
 Springer, G	HOU	RF	102	388	59	107	19	2	16	41	50	109	16	4	.276	.367	.459	.826	
 Choo, S	TEX	RF	149	555	94	153	32	3	22	82	76	147	4	2	.276	.375	.463	.838	
 Grichuk, R	STL	CF	103	323	49	89	23	7	17	47	22	110	4	2	.276	.329	.548	.877	
 Bryant, K	CHC	3B	151	559	87	154	31	5	26	99	77	199	13	4	.275	.369	.488	.858	
 Paredes, J	BAL	DH	104	363	46	100	17	2	10	42	19	111	4	4	.275	.310	.416	.726	
 Pence, H	SF	RF	52	207	30	57	13	1	9	40	16	48	4	1	.275	.327	.478	.806	
 Gonzalez, A	LAD	1B	156	571	76	157	33	0	28	90	62	107	0	1	.275	.350	.480	.830	
 Peralta, J	STL	SS	155	579	64	159	26	1	17	71	50	111	1	4	.275	.334	.411	.745	
 Reyes, J	COL	SS	116	481	57	132	25	2	7	53	26	62	24	6	.274	.310	.378	.688	
 Swihart, B	BOS	C	84	288	47	79	17	1	5	31	18	77	4	2	.274	.319	.392	.712	
 Cabrera, M	CWS	LF	158	629	70	172	36	2	12	77	40	88	3	0	.273	.314	.394	.709	
 Tomas, Y	ARI	LF	118	406	40	111	19	3	9	48	17	110	5	2	.273	.305	.401	.707	
 Pena, B	CIN	C	108	333	17	91	17	0	0	18	29	34	2	0	.273	.334	.324	.659	
 Carrera, E	TOR	LF	91	172	27	47	8	0	3	26	11	45	2	1	.273	.321	.372	.693	
 Ortiz, D	BOS	DH	146	528	73	144	37	0	37	108	77	95	0	1	.273	.360	.553	.913	
 Reddick, J	OAK	RF	149	526	67	143	25	4	20	77	49	65	10	2	.272	.333	.449	.781	
 Robinson, C	WSH	1B	126	309	44	84	15	1	10	34	37	52	0	0	.272	.358	.424	.782	
 Carpenter, M	STL	3B	154	574	101	156	44	3	28	84	81	151	4	3	.272	.365	.505	.871	
 Hernandez, C	PHI	SS	127	405	57	110	20	4	1	35	40	86	19	5	.272	.339	.348	.687	
 Giavotella, J	LAA	2B	129	453	51	123	25	5	4	49	32	59	2	1	.272	.318	.375	.694	
 Gordon, A	KC	LF	104	354	40	96	18	0	13	48	49	92	2	5	.271	.377	.432	.809	
 Gonzalez, C	COL	RF	153	554	87	150	25	2	40	97	46	133	2	0	.271	.325	.540	.864	
 Spangenberg, C	SD	2B	108	303	38	82	17	5	4	21	28	75	9	4	.271	.333	.399	.733	
 Molina, Y	STL	C	136	488	34	132	23	2	4	61	32	59	3	1	.270	.310	.350	.660	
 Conforto, M	NYM	LF	56	174	30	47	14	0	9	26	17	39	0	1	.270	.335	.506	.841	
 Young, D	BAL	RF	52	174	20	47	6	0	2	16	4	29	0	0	.270	.289	.339	.628	
 Solarte, Y	SD	3B	152	526	63	142	33	4	14	63	34	56	1	0	.270	.320	.428	.748	
 Shaw, T	BOS	3B	65	226	31	61	10	0	13	36	18	57	0	1	.270	.327	.487	.813	
 Longoria, E	TB	3B	160	604	74	163	35	1	21	73	51	132	3	1	.270	.328	.435	.764	
 Aybar, E	LAA	SS	156	597	74	161	30	1	3	44	25	73	15	6	.270	.301	.338	.639	
 Jones, A	BAL	CF	137	546	74	147	25	3	27	82	24	102	3	1	.269	.308	.474	.782	
 Perez, E	ATL	LF	47	119	10	32	4	0	0	5	7	23	3	1	.269	.331	.303	.633	
 Walker, N	PIT	2B	151	543	69	146	32	3	16	71	44	110	4	1	.269	.328	.427	.756	
 Denorfia, C	CHC	LF	103	212	18	57	11	1	3	18	15	56	0	1	.269	.319	.373	.691	
 Sano, M	MIN	RF	80	279	46	75	17	1	18	52	53	119	1	1	.269	.385	.530	.916	
 La Stella, T	CHC	2B	33	67	4	18	6	0	1	11	5	7	2	0	.269	.324	.403	.727	
 Rosario, W	COL	1B	87	231	22	62	14	1	6	29	8	56	2	1	.268	.295	.416	.710	
 Tolleson, S	TOR	2B	19	41	9	11	5	1	0	3	4	9	2	0	.268	.333	.439	.772	
 Jennings, D	TB	LF	28	97	9	26	2	1	1	7	8	17	5	3	.268	.324	.340	.664	
 Pham, T	STL	CF	52	153	28	41	7	5	5	18	19	41	2	0	.268	.347	.477	.824	
 D'Arnaud, T	NYM	C	67	239	31	64	14	1	12	41	23	49	0	0	.268	.340	.485	.825	
 Wieters, M	BAL	C	75	258	24	69	14	1	8	25	21	67	0	0	.267	.319	.422	.742	
 Maybin, C	ATL	CF	141	505	65	135	18	2	10	59	45	102	23	6	.267	.327	.370	.697	
 Rosario, E	MIN	LF	122	453	60	121	18	15	13	50	15	118	11	6	.267	.289	.459	.748	
 Jackson, A	CHC	CF	136	491	56	131	25	3	9	48	29	126	17	10	.267	.311	.385	.696	
 Hoes, L	HOU	RF	8	15	1	4	0	0	0	1	1	3	0	0	.267	.313	.267	.579	
 Martinez, M	CLE	LF	16	30	7	8	2	0	0	2	1	12	0	1	.267	.290	.333	.624	
 Seager, K	SEA	3B	161	623	85	166	37	0	26	74	54	98	6	6	.266	.328	.451	.779	
 Shuck, J	CWS	RF	79	143	15	38	8	2	0	15	16	16	7	5	.266	.340	.350	.689	
 Collins, T	DET	LF	60	192	18	51	11	3	4	25	13	43	2	1	.266	.316	.417	.732	
 Simmons, A	ATL	SS	147	535	60	142	23	2	4	44	39	48	5	3	.265	.321	.338	.660	
 Cabrera, A	TB	SS	143	505	66	134	28	5	15	58	36	107	6	3	.265	.315	.430	.744	
 Stanton, G	MIA	RF	74	279	47	74	12	1	27	67	34	95	4	2	.265	.346	.606	.952	
 Mauer, J	MIN	1B	158	592	69	157	34	2	10	66	67	112	2	1	.265	.338	.380	.718	
 Crawford, C	LAD	LF	69	181	19	48	9	2	4	16	10	41	10	2	.265	.304	.403	.707	
 Kemp, M	SD	RF	154	596	80	158	31	3	23	100	39	147	12	2	.265	.312	.443	.755	
 Castro, S	CHC	SS	151	547	52	145	23	2	11	69	21	91	5	5	.265	.296	.375	.671	
 Guyer, B	TB	LF	128	332	51	88	21	2	8	28	25	61	10	4	.265	.359	.413	.771	
 Gregorius, D	NYY	SS	155	525	57	139	24	2	9	56	33	85	5	3	.265	.318	.370	.688	
 Urrutia, H	BAL	LF	10	34	3	9	1	0	1	6	2	3	0	0	.265	.306	.382	.688	
 Johnson, K	NYM	2B	111	310	38	82	11	0	14	47	23	81	2	1	.265	.314	.435	.750	
 McCann, J	DET	C	114	401	32	106	18	5	7	41	16	90	0	1	.264	.297	.387	.683	
 Lucroy, J	MIL	C	103	371	51	98	20	3	7	43	36	64	1	0	.264	.326	.391	.717	
 Gennett, S	MIL	2B	114	375	42	99	18	4	6	29	12	68	1	3	.264	.294	.381	.675	
 Rendon, A	WSH	3B	80	311	43	82	16	0	5	25	36	70	1	2	.264	.344	.363	.707	
 Kiermaier, K	TB	CF	151	505	62	133	25	12	10	40	24	95	18	5	.263	.298	.420	.718	
 Galvis, F	PHI	SS	151	559	63	147	14	5	7	50	30	103	10	1	.263	.302	.343	.645	
 Flores, W	NYM	SS	137	483	55	127	22	0	16	59	19	63	0	1	.263	.295	.408	.703	
 Lamb, J	ARI	3B	107	350	38	92	15	5	6	34	36	97	3	2	.263	.331	.386	.716	
 Soler, J	CHC	LF	101	366	39	96	18	1	10	47	32	121	3	1	.262	.324	.399	.723	
 Wong, K	STL	2B	150	557	71	146	28	4	11	61	36	95	15	8	.262	.321	.386	.707	
 Cron, C	LAA	1B	113	378	37	99	17	1	16	51	17	82	3	1	.262	.300	.439	.739	
 O'Malley, S	SEA	LF	24	42	10	11	1	0	1	7	12	14	3	0	.262	.418	.357	.775	
 Scruggs, X	STL	1B	17	42	5	11	2	0	0	7	0	10	1	0	.262	.279	.310	.589	
 Trumbo, M	SEA	RF	142	508	62	133	23	3	22	64	36	132	0	0	.262	.310	.449	.759	
 Davis, C	BAL	1B	160	573	100	150	31	0	47	117	84	208	2	3	.262	.361	.562	.923	
 Pagan, A	SF	LF	133	512	55	134	21	3	3	37	32	93	12	4	.262	.303	.332	.635	
 Bour, J	MIA	1B	129	409	42	107	20	0	23	73	34	101	0	0	.262	.321	.479	.800	
 Escobar, E	MIN	SS	127	409	48	107	31	4	12	58	28	86	2	3	.262	.309	.445	.754	
 De Aza, A	SF	LF	114	325	51	85	17	7	7	35	31	84	7	5	.262	.333	.422	.755	
 DeShields, D	TEX	LF	121	425	83	111	22	10	2	37	53	101	25	8	.261	.344	.374	.718	
 Bird, G	NYY	1B	46	157	26	41	9	0	11	31	19	53	0	0	.261	.343	.529	.871	
 Tejada, R	NYM	SS	116	360	36	94	23	0	3	28	38	70	2	1	.261	.338	.350	.688	
 Dominguez, C	CIN	LF	14	23	2	6	1	1	1	3	0	12	0	0	.261	.261	.522	.783	
 Vogt, S	OAK	C	136	445	58	116	21	3	18	71	56	97	0	2	.261	.341	.443	.783	
 Ciriaco, P	ATL	3B	84	142	14	37	8	1	1	15	2	38	4	2	.261	.275	.352	.627	
 Odor, R	TEX	2B	120	426	54	111	21	9	16	61	23	79	6	7	.261	.316	.465	.781	
 Perez, S	KC	C	142	531	52	138	25	0	21	70	13	82	1	0	.260	.280	.426	.706	
 Ynoa, R	COL	3B	72	127	14	33	8	1	0	9	3	28	1	0	.260	.277	.339	.616	
 Lawrie, B	OAK	3B	149	562	64	146	29	3	16	60	28	144	5	2	.260	.299	.407	.706	
 Barney, D	TOR	2B	17	27	4	7	1	0	2	4	1	2	0	0	.259	.286	.519	.804	
 Ozuna, M	MIA	CF	123	459	47	119	27	0	10	44	30	110	2	3	.259	.308	.383	.691	
 Gardner, B	NYY	LF	151	571	94	148	26	3	16	66	68	135	20	5	.259	.343	.399	.742	
 Peterson, S	MIL	LF	93	201	22	52	7	3	2	16	20	55	0	1	.259	.324	.353	.678	
 Bogusevic, B	PHI	LF	22	58	9	15	3	0	2	5	3	21	2	0	.259	.295	.414	.709	
 Granderson, C	NYM	RF	157	580	98	150	33	2	26	70	91	151	11	6	.259	.364	.457	.821	
 Headley, C	NYY	3B	156	580	74	150	29	1	11	62	51	135	0	2	.259	.324	.369	.693	
 Cuddyer, M	NYM	LF	117	379	44	98	18	1	10	41	24	88	2	0	.259	.309	.391	.699	
 Upton, M	SD	LF	87	205	23	53	12	4	5	17	21	62	9	3	.259	.327	.429	.757	
 Lagares, J	NYM	CF	143	441	47	114	16	5	6	41	16	87	7	3	.259	.289	.358	.647	
 Realmuto, J	MIA	C	126	441	49	114	21	7	10	47	19	70	8	4	.259	.290	.406	.696	
 Andrus, E	TEX	SS	160	596	69	154	34	2	7	62	46	78	25	9	.258	.309	.357	.667	
 Davis, R	DET	CF	112	341	55	88	16	11	8	30	22	76	18	8	.258	.306	.440	.746	
 Miller, B	SEA	SS	144	438	44	113	22	4	11	46	47	101	13	4	.258	.329	.402	.730	
 Cozart, Z	CIN	SS	53	194	28	50	10	1	9	28	14	29	3	3	.258	.310	.459	.769	
 Francoeur, J	PHI	RF	118	326	34	84	16	1	13	45	13	77	0	2	.258	.286	.433	.718	
 Semien, M	OAK	SS	155	556	65	143	23	7	15	45	42	132	11	5	.257	.310	.405	.715	
 Murphy, T	COL	C	11	35	5	9	1	0	3	9	4	10	0	0	.257	.333	.543	.876	
 Segura, J	MIL	SS	142	560	57	144	16	5	6	50	13	93	25	6	.257	.281	.336	.616	
 Freese, D	LAA	3B	121	424	53	109	27	0	14	56	31	107	1	1	.257	.323	.420	.743	
 Garcia, A	CWS	DH	148	553	66	142	17	2	13	59	36	141	7	7	.257	.309	.365	.675	
 Ellsbury, J	NYY	CF	111	452	66	116	15	2	7	33	35	86	21	9	.257	.318	.345	.663	
 Escobar, A	KC	SS	148	612	76	157	20	5	3	47	26	75	17	5	.257	.293	.320	.614	
 Crawford, B	SF	SS	143	507	65	130	33	4	21	84	39	119	6	4	.256	.321	.462	.782	
 Polanco, G	PIT	RF	153	593	83	152	35	6	9	52	55	121	27	10	.256	.320	.381	.701	
 Dietrich, D	MIA	2B	90	250	38	64	14	3	10	24	23	65	0	2	.256	.346	.456	.802	
 Hicks, A	MIN	CF	97	352	48	90	11	3	11	33	34	66	13	3	.256	.323	.398	.721	
 Calhoun, K	LAA	RF	159	630	78	161	23	2	26	83	45	164	4	1	.256	.308	.422	.731	
 Romine, A	DET	3B	109	184	25	47	5	0	2	15	11	46	10	5	.255	.307	.315	.622	
 Puig, Y	LAD	RF	79	282	30	72	12	3	11	38	26	66	3	3	.255	.322	.436	.758	
 Frazier, T	CIN	3B	157	619	82	158	43	1	35	89	44	137	13	8	.255	.309	.498	.806	
 Gomez, C	HOU	CF	115	435	61	111	29	1	12	56	31	101	17	9	.255	.314	.409	.724	
 Johnson, C	CLE	3B	83	243	18	62	11	0	3	18	10	74	2	1	.255	.286	.337	.624	
 Gimenez, C	TEX	C	36	98	19	25	6	1	5	14	10	19	2	0	.255	.330	.490	.820	
 Teixeira, M	NYY	1B	111	392	57	100	22	0	31	79	59	85	2	0	.255	.357	.548	.906	
 Castellanos, N	DET	3B	154	549	42	140	33	6	15	73	39	152	0	3	.255	.303	.419	.721	
 Rios, A	KC	RF	105	385	40	98	22	2	4	32	15	67	9	0	.255	.287	.353	.640	
 Canha, M	OAK	LF	124	441	61	112	22	3	16	70	33	96	7	2	.254	.315	.426	.742	
 Gose, A	DET	CF	140	485	73	123	24	8	5	26	45	145	23	11	.254	.321	.367	.688	
 Myers, W	SD	1B	60	225	40	57	13	1	8	29	27	55	5	2	.253	.336	.427	.763	
 Olivera, H	ATL	LF	24	79	4	20	4	1	2	11	5	12	0	0	.253	.310	.405	.715	
 Navarro, E	LAA	LF	54	83	9	21	4	0	0	5	5	16	0	2	.253	.295	.301	.597	
 Hamilton, J	TEX	LF	50	170	22	43	8	0	8	25	10	52	0	0	.253	.291	.441	.732	
 Uribe, J	NYM	3B	119	360	40	91	17	0	14	43	34	80	2	0	.253	.320	.417	.737	
 Castillo, R	BOS	LF	80	273	35	69	10	2	5	29	13	54	4	5	.253	.288	.359	.647	
 Sizemore, G	TB	RF	97	273	24	69	17	0	6	33	20	60	3	3	.253	.307	.381	.688	
 Den Dekker, M	WSH	LF	55	99	12	25	6	1	5	12	9	20	0	1	.253	.315	.485	.800	
 Barnhart, T	CIN	C	81	242	23	61	9	0	3	18	25	45	0	1	.252	.324	.326	.650	
 Young, C	NYY	RF	140	318	53	80	20	1	14	42	30	73	3	1	.252	.320	.453	.773	
 Barnes, B	COL	LF	106	255	30	64	13	2	2	17	21	67	4	2	.251	.314	.341	.655	
 Butler, B	OAK	DH	151	538	63	135	28	1	15	65	52	101	0	0	.251	.323	.390	.713	
 Upton, J	SD	LF	150	542	85	136	26	3	26	81	68	159	19	5	.251	.336	.454	.790	
 Norris, D	SD	C	147	515	65	129	33	2	14	62	35	131	4	1	.250	.305	.404	.709	
 Rodriguez, A	NYY	DH	151	523	83	131	22	1	33	86	84	145	4	0	.250	.356	.486	.842	
 Bautista, J	TOR	RF	153	543	108	136	29	3	40	114	110	106	8	2	.250	.377	.536	.913	
 Almonte, A	CLE	CF	82	232	36	58	12	5	5	24	21	52	7	1	.250	.310	.409	.719	
 Coghlan, C	CHC	RF	148	440	64	110	25	6	16	41	58	94	11	2	.250	.341	.443	.784	
 Dickerson, A	SD	RF	11	8	0	2	0	0	0	0	0	3	0	0	.250	.250	.250	.500	
 Dyson, J	KC	RF	90	200	31	50	8	6	2	18	14	37	26	3	.250	.311	.380	.691	
 Figueroa, C	NYY	3B	2	8	2	2	2	0	0	0	0	0	0	0	.250	.250	.500	.750	
 Fowler, D	CHC	CF	156	596	102	149	29	8	17	46	84	154	20	7	.250	.346	.411	.757	
 Goins, R	TOR	2B	128	376	52	94	16	4	5	45	39	83	2	1	.250	.318	.354	.672	
 Hague, M	TOR	1B	10	12	1	3	1	0	0	0	2	4	0	0	.250	.400	.333	.733	
 Moore, A	CLE	C	1	4	0	1	0	0	0	1	0	2	0	0	.250	.250	.250	.500	
 Perez, C	LAA	C	86	260	20	65	13	0	4	21	19	49	2	0	.250	.299	.346	.645	
 Presley, A	HOU	LF	8	12	1	3	0	0	0	1	1	5	0	0	.250	.308	.250	.558	
 Robinson, S	MIN	LF	83	180	28	45	7	3	0	16	12	29	6	1	.250	.299	.322	.621	
 Schebler, S	LAD	LF	19	36	6	9	0	0	3	4	3	13	2	1	.250	.325	.500	.825	
 Severino, P	WSH	C	2	4	1	1	1	0	0	0	0	1	0	0	.250	.250	.500	.750	
 Ramirez, H	BOS	1B	105	401	59	100	12	1	19	53	21	71	6	3	.249	.291	.426	.717	
 Orlando, P	KC	RF	86	241	31	60	14	6	7	27	5	53	3	3	.249	.269	.444	.713	
 Phegley, J	OAK	C	73	225	27	56	16	1	9	34	14	51	0	0	.249	.300	.449	.749	
 Bradley, J	BOS	CF	74	221	43	55	17	4	10	43	27	69	3	0	.249	.335	.498	.832	
 Ramirez, A	CWS	SS	154	583	54	145	33	0	10	62	31	68	17	7	.249	.285	.357	.642	
 Zimmerman, R	WSH	1B	95	346	43	86	25	1	16	73	33	79	1	0	.249	.308	.465	.773	
 Smith, S	SEA	RF	136	395	54	98	31	5	12	42	47	99	0	0	.248	.330	.443	.773	
 Ruggiano, J	LAD	RF	57	125	20	31	8	1	6	15	14	41	5	2	.248	.333	.472	.805	
 Montero, M	CHC	C	113	347	36	86	11	0	15	53	49	103	1	1	.248	.345	.409	.754	
 Davis, K	MIL	LF	121	392	54	97	16	2	27	66	44	122	6	2	.247	.323	.505	.828	
 Sogard, E	OAK	2B	120	372	40	92	12	3	1	37	23	50	6	1	.247	.294	.304	.598	
 Hanigan, R	BOS	C	54	174	28	43	8	0	2	16	20	39	0	0	.247	.337	.328	.664	
 Reimold, N	BAL	LF	61	170	24	42	5	1	6	20	23	47	0	0	.247	.344	.394	.738	
 Byrd, M	SF	LF	135	506	58	125	25	5	23	73	29	145	2	1	.247	.290	.453	.743	
 Gyorko, J	SD	2B	128	421	34	104	15	0	16	57	27	107	0	1	.247	.297	.397	.694	
 Ramirez, A	PIT	3B	137	475	43	117	31	1	17	75	31	68	1	0	.246	.297	.423	.720	
 Chisenhall, L	CLE	RF	106	333	38	82	19	1	7	44	23	69	4	1	.246	.294	.372	.667	
 Schwarber, K	CHC	LF	69	232	52	57	6	1	16	43	36	77	3	3	.246	.355	.487	.842	
 Baxter, M	CHC	RF	34	57	6	14	1	0	0	2	7	14	0	0	.246	.348	.263	.612	
 Navarro, D	TOR	C	54	171	17	42	7	0	5	20	17	29	0	0	.246	.307	.374	.682	
 Gattis, E	HOU	C	153	566	66	139	20	11	27	88	30	119	0	1	.246	.285	.463	.748	
 Rodriguez, S	PIT	1B	139	224	25	55	12	1	4	17	5	63	2	2	.246	.281	.362	.642	
 Martinez, V	DET	DH	120	440	39	108	20	0	11	64	31	52	0	0	.245	.301	.366	.667	
 Adames, C	COL	SS	26	53	4	13	1	1	0	3	3	11	0	1	.245	.298	.302	.600	
 Asche, C	PHI	LF	129	425	41	104	22	3	12	39	26	111	1	2	.245	.294	.395	.689	
 Sandoval, P	BOS	3B	126	470	43	115	25	1	10	47	25	73	0	0	.245	.292	.366	.658	
 Plouffe, T	MIN	3B	152	573	74	140	35	4	22	86	50	124	2	1	.244	.307	.435	.742	
 Pujols, A	LAA	DH	157	602	85	147	22	0	40	95	50	72	5	3	.244	.307	.480	.787	
 Duda, L	NYM	1B	135	471	67	115	33	0	27	73	66	138	0	2	.244	.352	.486	.838	
 De Jesus, I	CIN	SS	76	201	15	49	10	2	4	28	19	55	0	2	.244	.311	.373	.684	
 Mercer, J	PIT	SS	116	394	34	96	21	0	3	34	27	73	3	2	.244	.293	.320	.613	
 Venable, W	TEX	CF	135	349	40	85	13	3	6	33	37	94	16	1	.244	.320	.350	.669	
 Perez, H	MIL	3B	112	263	14	64	15	2	1	21	5	59	5	1	.243	.257	.327	.584	
 Tucker, P	HOU	LF	98	300	35	73	19	0	13	33	20	68	0	2	.243	.297	.437	.734	
 Alvarez, P	PIT	1B	150	437	60	106	18	0	27	77	48	131	2	0	.243	.318	.469	.787	
 Pacheco, J	ARI	C	29	66	8	16	0	0	2	8	9	14	1	0	.242	.333	.333	.667	
 Herrera, E	MIL	3B	83	256	29	62	18	0	7	33	18	72	3	1	.242	.290	.395	.684	
 Russell, A	CHC	SS	142	475	60	115	29	1	13	54	42	149	4	3	.242	.307	.389	.696	
 Schumaker, S	CIN	LF	131	244	23	59	20	0	1	21	23	51	2	2	.242	.306	.336	.642	
 Alvarez, D	BAL	RF	12	29	3	7	1	0	1	1	2	8	0	0	.241	.290	.379	.670	
 Altherr, A	PHI	CF	39	137	25	33	11	4	5	22	16	41	6	2	.241	.338	.489	.827	
 Martin, R	TOR	C	129	441	76	106	23	2	23	77	53	106	4	5	.240	.329	.458	.787	
 Suzuki, K	MIN	C	131	433	36	104	17	0	5	50	29	59	0	0	.240	.296	.314	.610	
 Adams, M	STL	1B	60	175	14	42	9	0	5	24	10	41	1	0	.240	.280	.377	.657	
 Garcia, G	STL	2B	49	75	7	18	5	0	2	4	10	12	0	0	.240	.337	.387	.724	
 Vargas, K	MIN	1B	58	175	18	42	4	0	5	17	9	54	0	0	.240	.277	.349	.626	
 Hunter, T	MIN	RF	139	521	67	125	22	0	22	81	35	105	2	5	.240	.293	.409	.702	
 Bourgeois, J	CIN	CF	68	196	28	47	5	2	3	14	14	33	3	1	.240	.294	.332	.625	
 Espinosa, D	WSH	SS	118	367	59	88	21	1	13	37	33	106	5	2	.240	.311	.409	.719	
 Castro, D	ATL	SS	33	96	14	23	2	1	2	5	3	15	0	0	.240	.263	.344	.606	
 Van Slyke, S	LAD	LF	96	222	19	53	14	0	6	30	23	62	3	1	.239	.317	.383	.700	
 Flowers, T	CWS	C	112	331	21	79	12	0	9	39	21	104	0	1	.239	.295	.356	.652	
 Peterson, J	ATL	2B	152	528	55	126	23	5	6	52	56	120	12	10	.239	.314	.335	.649	
 Rasmus, C	HOU	LF	137	432	67	103	23	2	25	61	47	154	2	1	.238	.314	.475	.789	
 Bourn, M	ATL	CF	141	425	39	101	15	2	0	30	46	107	17	7	.238	.310	.282	.592	
 Casali, C	TB	C	38	101	13	24	6	0	10	18	8	34	0	0	.238	.304	.594	.898	
 Ellis, A	LAD	C	63	181	24	43	9	0	7	21	32	38	0	0	.238	.355	.403	.758	
 Santana, D	MIL	RF	52	160	20	38	7	0	8	26	20	63	4	1	.238	.337	.431	.768	
 Castillo, W	ARI	C	110	342	42	81	15	1	19	57	25	92	0	0	.237	.296	.453	.750	
 Marisnick, J	HOU	CF	133	339	46	80	15	4	9	36	18	105	24	9	.236	.281	.383	.665	
 Sands, J	CLE	RF	50	123	11	29	5	1	4	19	9	36	0	0	.236	.286	.390	.676	
 Dozier, B	MIN	2B	157	628	101	148	39	4	28	77	61	148	12	4	.236	.307	.444	.751	
 Ladendorf, T	OAK	2B	9	17	3	4	0	1	0	2	1	2	0	0	.235	.278	.353	.631	
 Machado, D	DET	SS	24	68	6	16	3	0	0	5	7	14	1	0	.235	.307	.279	.586	
 Ruf, D	PHI	1B	106	268	30	63	12	0	12	39	21	69	1	0	.235	.300	.414	.714	
 Callaspo, A	LAD	3B	97	230	20	54	7	0	1	15	28	34	0	0	.235	.315	.278	.594	
 Joseph, C	BAL	C	100	320	38	75	16	1	11	49	27	72	0	0	.234	.299	.394	.693	
 Grandal, Y	LAD	C	115	355	43	83	12	0	16	47	65	92	0	1	.234	.353	.403	.756	
 Rupp, C	PHI	C	81	270	24	63	9	1	9	28	24	71	0	1	.233	.301	.374	.675	
 Desmond, I	WSH	SS	156	583	69	136	27	2	19	62	45	187	13	5	.233	.290	.384	.674	
 Guerrero, A	LAD	LF	106	219	25	51	9	1	11	36	7	57	1	0	.233	.261	.434	.695	
 DeJesus, D	LAA	LF	112	288	27	67	9	2	5	30	21	52	3	2	.233	.297	.330	.626	
 McCann, B	NYY	C	135	465	68	108	15	1	26	94	52	97	0	0	.232	.320	.437	.756	
 Snider, T	PIT	RF	87	237	24	55	12	2	4	28	26	66	1	0	.232	.313	.350	.663	
 Barmes, C	SD	SS	98	207	24	48	14	1	3	16	10	55	0	1	.232	.281	.353	.633	
 Chirinos, R	TEX	C	78	233	33	54	16	1	10	34	28	62	0	0	.232	.325	.438	.762	
 Morse, M	PIT	1B	98	229	14	53	7	1	5	19	23	76	0	0	.231	.313	.336	.649	
 Gomes, Y	CLE	C	95	363	38	84	22	0	12	45	13	104	0	0	.231	.267	.391	.659	
 Ackley, D	NYY	RF	108	238	28	55	11	3	10	30	18	45	2	2	.231	.284	.429	.712	
 Aviles, M	CLE	SS	98	290	37	67	10	0	5	17	20	38	3	1	.231	.282	.317	.599	
 Santana, C	CLE	DH	154	550	72	127	29	2	19	85	108	122	11	3	.231	.357	.395	.752	
 Brown, T	SF	C	13	39	1	9	3	0	0	5	3	8	1	1	.231	.279	.308	.587	
 Reynolds, M	STL	1B	140	382	35	88	21	2	13	48	44	121	2	3	.230	.315	.398	.713	
 Victorino, S	LAA	LF	71	178	19	41	4	2	1	7	16	32	7	0	.230	.308	.292	.601	
 Herrera, J	CHC	2B	73	126	14	29	5	1	2	14	2	23	3	0	.230	.242	.333	.576	
 Hill, A	ARI	3B	116	313	32	72	18	0	6	39	31	54	7	2	.230	.295	.345	.640	
 Johnson, M	CWS	2B	36	100	10	23	4	0	0	4	9	30	3	2	.230	.306	.270	.576	
 Pirela, J	NYY	2B	37	74	7	17	3	0	1	5	2	16	1	0	.230	.247	.311	.558	
 Ramos, W	WSH	C	128	475	41	109	16	0	15	68	21	101	0	0	.229	.258	.358	.616	
 Ryan, B	NYY	3B	47	96	10	22	6	2	0	8	5	29	0	0	.229	.275	.333	.608	
 Howard, R	PHI	1B	129	467	53	107	29	1	23	77	27	138	0	0	.229	.277	.443	.720	
 Davis, I	OAK	1B	72	214	19	49	17	0	3	20	23	44	0	0	.229	.301	.350	.652	
 Conger, H	HOU	C	73	201	25	46	11	0	11	33	23	63	0	1	.229	.311	.448	.759	
 Taylor, M	WSH	CF	138	472	49	108	15	2	14	63	35	158	16	3	.229	.282	.358	.640	
 Suzuki, I	MIA	RF	153	398	45	91	5	6	1	21	31	51	11	5	.229	.282	.279	.561	
 Perez, R	CLE	C	70	184	30	42	9	1	7	21	33	64	0	0	.228	.348	.402	.751	
 Rosales, A	TEX	2B	53	114	14	26	4	0	3	7	10	30	4	4	.228	.296	.342	.638	
 Gillaspie, C	LAA	3B	75	237	14	54	15	2	4	24	13	47	0	1	.228	.269	.359	.627	
 Brown, D	PHI	RF	63	189	19	43	6	1	5	25	14	36	3	1	.228	.284	.349	.634	
 Fryer, E	MIN	C	15	22	2	5	2	0	0	2	5	11	0	0	.227	.370	.318	.689	
 Johnson, R	WSH	LF	17	22	0	5	1	0	0	3	0	6	0	0	.227	.250	.273	.523	
 Owings, C	ARI	CF	147	515	59	117	27	5	4	43	26	144	16	4	.227	.264	.322	.587	
 Marrero, D	BOS	SS	25	53	8	12	0	0	1	3	3	19	2	1	.226	.268	.283	.551	
 Smoak, J	TOR	1B	132	296	44	67	16	1	18	59	29	86	0	0	.226	.299	.470	.768	
 Moss, B	STL	1B	145	469	47	106	24	2	19	58	49	148	0	1	.226	.304	.407	.711	
 Bruce, J	CIN	RF	157	580	72	131	35	4	26	87	58	145	9	5	.226	.294	.434	.729	
 Hamilton, B	CIN	CF	114	412	56	93	8	3	4	28	28	75	57	8	.226	.274	.289	.563	
 Ahmed, N	ARI	SS	134	421	49	95	17	6	9	34	29	81	4	5	.226	.275	.359	.634	
 Morrison, L	SEA	1B	146	457	47	103	15	3	17	54	47	81	8	4	.225	.302	.383	.685	
 Souza Jr., S	TB	RF	110	373	59	84	15	1	16	40	46	144	12	6	.225	.318	.399	.717	
 Saltalamacchia, J	ARI	C	79	200	26	45	15	0	9	24	23	69	0	0	.225	.310	.435	.745	
 Turner, T	WSH	SS	27	40	5	9	1	0	1	1	4	12	2	2	.225	.295	.325	.620	
 Urshela, G	CLE	3B	81	267	25	60	8	1	6	21	18	58	0	1	.225	.279	.330	.608	
 Saladino, T	CWS	SS	68	236	33	53	6	4	4	20	12	51	8	2	.225	.267	.335	.602	
 Rollins, J	LAD	SS	144	517	71	116	24	3	13	41	44	86	12	8	.224	.285	.358	.643	
 Sanchez, C	CWS	2B	120	389	40	87	23	1	5	31	19	81	2	2	.224	.268	.326	.595	
 Napoli, M	TEX	1B	133	407	46	91	20	1	18	50	57	118	3	3	.224	.324	.410	.734	
 Valbuena, L	HOU	3B	132	434	62	97	18	0	25	56	50	106	1	0	.224	.310	.438	.748	
 Pompey, D	TOR	CF	34	94	17	21	8	0	2	6	7	23	5	1	.223	.291	.372	.664	
 Montero, J	SEA	1B	38	112	11	25	6	0	5	19	4	32	0	0	.223	.250	.411	.661	
 Alberto, H	TEX	SS	41	99	12	22	2	1	0	4	2	17	1	0	.222	.238	.263	.500	
 Hart, C	PIT	1B	35	54	3	12	1	0	2	9	1	19	0	0	.222	.246	.352	.597	
 Szczur, M	CHC	CF	47	72	5	16	5	0	1	8	6	15	2	0	.222	.278	.333	.612	
 Lowrie, J	HOU	3B	69	230	35	51	14	0	9	30	28	43	1	0	.222	.312	.400	.712	
 Beckham, T	TB	2B	82	203	24	45	7	4	9	37	13	69	3	1	.222	.274	.429	.702	
 Schafer, L	MIL	CF	69	122	17	27	6	1	1	6	12	29	1	0	.221	.299	.311	.611	
 Cunningham, T	LAA	CF	39	86	13	19	4	0	0	4	5	17	2	1	.221	.280	.267	.547	
 Werth, J	WSH	LF	88	331	51	73	16	1	12	42	38	84	0	1	.221	.302	.384	.685	
 Infante, O	KC	2B	124	440	39	97	23	7	2	44	9	69	2	2	.220	.234	.318	.552	
 Soto, G	CWS	C	78	187	20	41	8	0	9	21	21	63	0	1	.219	.301	.406	.708	
 Ramirez, J	CLE	3B	97	315	50	69	14	3	6	27	32	39	10	4	.219	.291	.340	.631	
 Hardy, J	BAL	SS	114	411	45	90	14	0	8	37	20	88	0	0	.219	.253	.311	.564	
 Plawecki, K	NYM	C	73	233	18	51	9	0	3	21	17	60	0	0	.219	.280	.296	.576	
 Duvall, A	CIN	LF	27	64	6	14	2	0	5	9	6	26	0	0	.219	.306	.484	.790	
 Flores, R	SEA	LF	12	32	3	7	1	0	0	0	0	4	0	0	.219	.219	.250	.469	
 Williamson, M	SF	RF	10	32	2	7	0	1	0	1	0	8	0	0	.219	.235	.281	.517	
 Susac, A	SF	C	52	133	14	29	7	2	3	14	14	43	0	0	.218	.297	.368	.666	
 Pearce, S	BAL	1B	92	294	42	64	13	1	15	40	23	69	1	1	.218	.289	.422	.711	
 Cuthbert, C	KC	3B	19	46	6	10	2	1	1	8	4	9	0	0	.217	.280	.370	.650	
 Schafer, J	MIN	CF	27	69	9	15	3	0	0	5	3	23	0	3	.217	.250	.261	.511	
 Parmelee, C	BAL	1B	32	97	11	21	7	1	4	9	4	26	0	1	.216	.255	.433	.688	
 Jones, G	NYY	RF	57	144	12	31	4	1	5	17	8	37	0	0	.215	.257	.361	.618	
 Santana, D	MIN	CF	91	261	30	56	10	5	0	21	6	68	8	4	.215	.241	.291	.532	
 Decker, J	PIT	LF	23	28	8	6	1	1	0	1	7	9	0	0	.214	.371	.321	.693	
 Drury, B	ARI	3B	20	56	3	12	3	0	2	8	2	8	0	0	.214	.254	.375	.629	
 Garcia, L	CWS	2B	17	14	0	3	0	0	0	1	1	7	1	0	.214	.267	.214	.481	
 Kawasaki, M	TOR	2B	23	28	6	6	2	0	0	2	4	6	0	1	.214	.313	.286	.598	
 Terdoslavich, J	ATL	1B	28	56	5	12	4	1	1	4	3	14	0	0	.214	.254	.375	.629	
 Gomes, J	KC	LF	95	225	29	48	9	0	7	26	31	81	1	1	.213	.313	.347	.660	
 Marte, J	DET	1B	33	80	9	17	4	0	4	11	8	22	0	0	.213	.284	.413	.697	
 Utley, C	LAD	2B	107	373	37	79	21	2	8	39	32	64	4	0	.212	.286	.343	.629	
 Middlebrooks, W	SD	3B	83	255	23	54	7	2	9	29	11	60	2	1	.212	.241	.361	.602	
 Ruiz, C	PHI	C	86	284	23	60	13	1	2	22	28	43	1	1	.211	.290	.285	.575	
 Herrera, D	NYM	2B	31	90	7	19	3	1	3	6	11	23	2	0	.211	.311	.367	.677	
 Jankowski, T	SD	CF	34	90	9	19	2	2	2	12	4	24	2	1	.211	.245	.344	.589	
 Gosewisch, T	ARI	C	38	128	9	27	6	0	1	13	8	23	2	1	.211	.261	.281	.542	
 Castro, J	HOU	C	104	337	38	71	19	0	11	31	33	115	0	0	.211	.283	.365	.648	
 Pederson, J	LAD	CF	151	480	67	101	19	1	26	54	92	170	4	7	.210	.346	.417	.763	
 Maldonado, M	MIL	C	79	229	19	48	7	0	4	22	23	65	0	1	.210	.282	.293	.575	
 Jay, J	STL	CF	79	210	25	44	5	1	1	10	19	36	0	2	.210	.306	.257	.563	
 Pennington, C	TOR	SS	105	210	24	44	6	0	3	21	27	49	3	0	.210	.298	.281	.578	
 Buxton, B	MIN	CF	46	129	16	27	7	1	2	6	6	44	2	2	.209	.250	.326	.576	
 Maxwell, J	SF	RF	100	249	26	52	8	2	7	26	20	76	2	1	.209	.275	.341	.616	
 Beckham, G	CWS	3B	100	211	24	44	8	0	6	20	19	43	0	1	.209	.275	.332	.607	
 Baker, J	MIA	1B	41	72	11	15	3	0	3	8	8	25	0	0	.208	.288	.375	.663	
 Cabrera, E	SF	SS	29	96	7	20	2	0	0	4	5	22	2	0	.208	.250	.229	.479	
 LaRoche, A	CWS	DH	127	429	41	89	21	0	12	44	49	133	0	0	.207	.293	.340	.634	
 Arias, J	SF	3B	40	58	5	12	1	0	1	4	0	12	1	0	.207	.207	.276	.483	
 Barnes, A	LAD	C	20	29	4	6	2	0	0	1	6	6	1	0	.207	.361	.276	.637	
 Ishikawa, T	PIT	1B	44	63	6	13	3	0	1	8	9	20	0	0	.206	.306	.302	.607	
 Ceciliani, D	NYM	CF	39	68	5	14	2	0	1	3	4	25	5	1	.206	.270	.279	.550	
 Muncy, M	OAK	1B	45	102	14	21	8	1	3	9	9	31	0	0	.206	.268	.392	.660	
 Elmore, J	TB	1B	51	141	10	29	5	0	2	16	12	25	1	1	.206	.263	.284	.547	
 Descalso, D	COL	SS	101	185	22	38	3	2	5	22	20	45	1	2	.205	.283	.324	.607	
 McKenry, M	COL	C	58	127	20	26	7	3	4	17	22	41	2	2	.205	.329	.402	.731	
 Cruz, T	STL	C	69	142	6	29	7	1	2	11	6	32	0	0	.204	.235	.310	.545	
 Thole, J	TOR	C	18	49	5	10	2	0	0	2	3	9	0	0	.204	.250	.245	.495	
 Amarista, A	SD	SS	118	324	28	66	10	4	3	30	24	55	5	1	.204	.257	.287	.544	
 Gallo, J	TEX	3B	36	108	16	22	3	1	6	14	15	57	3	0	.204	.301	.417	.717	
 Moore, T	WSH	1B	97	187	14	38	12	0	6	27	11	45	0	0	.203	.250	.364	.614	
 Flaherty, R	BAL	2B	91	267	34	54	8	3	9	31	26	81	0	0	.202	.281	.356	.637	
 Lough, D	BAL	LF	84	134	14	27	1	1	4	12	5	36	2	4	.201	.241	.313	.555	
 Drew, S	NYY	2B	131	383	43	77	16	1	17	44	37	71	0	2	.201	.271	.381	.652	
 Bernier, D	MIN	SS	4	5	1	1	1	0	0	2	1	3	0	0	.200	.333	.400	.733	
 Bethancourt, C	ATL	C	48	155	16	31	8	0	2	12	5	33	1	1	.200	.225	.290	.515	
 Bourjos, P	STL	CF	117	195	32	39	8	3	4	13	19	59	5	8	.200	.290	.333	.623	
 Lake, J	BAL	RF	29	80	4	16	7	0	1	5	4	29	4	0	.200	.238	.325	.563	
 Strausborger, R	TEX	LF	31	45	9	9	0	0	1	3	3	11	2	1	.200	.240	.267	.507	
 Teagarden, T	CHC	C	8	15	0	3	0	0	0	2	0	4	0	0	.200	.200	.200	.400	
 Williams, J	SF	C	7	10	1	2	1	0	0	1	4	1	1	0	.200	.429	.300	.729	
 Carter, C	HOU	1B	129	391	50	78	17	0	24	64	57	151	1	2	.199	.307	.427	.734	
 Lobaton, J	WSH	C	44	136	11	27	4	0	3	20	15	40	0	0	.199	.279	.294	.573	
 McGehee, C	MIA	3B	109	237	14	47	12	0	2	20	21	50	1	1	.198	.264	.274	.538	
 Fuld, S	OAK	LF	120	290	34	57	16	3	2	22	30	55	9	3	.197	.276	.293	.569	
 Campbell, E	NYM	3B	71	173	28	34	8	0	3	19	26	37	5	3	.197	.312	.295	.607	
 Swisher, N	ATL	LF	76	219	14	43	9	0	6	25	35	54	0	0	.196	.312	.320	.631	
 Butera, D	KC	C	55	107	9	21	3	0	1	5	6	26	0	1	.196	.252	.252	.505	
 Sardinas, L	MIL	SS	36	97	8	19	0	1	0	4	6	25	0	0	.196	.240	.216	.457	
 Nieuwenhuis, K	NYM	LF	74	128	21	25	11	0	4	14	10	49	2	2	.195	.270	.375	.645	
 Field, T	TEX	2B	14	41	6	8	1	0	2	5	2	16	1	0	.195	.250	.366	.616	
 Stubbs, D	TEX	CF	78	123	20	24	4	2	5	10	14	60	5	1	.195	.283	.382	.665	
 Kubitza, K	LAA	3B	19	36	6	7	0	0	0	1	3	15	0	0	.194	.256	.194	.451	
 Nava, D	TB	RF	60	139	13	27	4	0	1	10	20	36	1	0	.194	.315	.245	.560	
 Saunders, M	TOR	RF	9	31	2	6	0	0	0	3	5	10	0	0	.194	.306	.194	.499	
 Rua, R	TEX	LF	28	83	10	16	5	0	4	7	3	32	0	0	.193	.221	.398	.619	
 Smolinski, J	OAK	LF	76	166	24	32	7	2	6	26	19	39	1	1	.193	.281	.367	.649	
 Kratz, E	PHI	C	16	26	3	5	2	0	0	3	1	5	0	0	.192	.214	.269	.484	
 Lavarnway, R	ATL	C	37	94	6	18	6	0	2	6	12	28	0	0	.191	.283	.319	.602	
 Olt, M	CWS	3B	30	94	7	18	0	0	4	5	7	35	0	1	.191	.255	.319	.574	
 Singleton, J	HOU	1B	19	47	6	9	2	0	1	6	10	17	1	0	.191	.328	.298	.625	
 Avila, A	DET	C	67	178	21	34	5	0	4	13	40	66	0	1	.191	.339	.287	.626	
 Green, G	LAA	2B	21	42	6	8	0	0	1	3	2	14	0	1	.190	.227	.262	.489	
 Romero, S	SEA	RF	13	21	6	4	1	0	1	3	3	6	0	0	.190	.292	.381	.673	
 Wilson, B	TEX	C	56	132	8	25	5	0	1	14	11	39	0	1	.189	.255	.250	.505	
 Shaffer, R	TB	3B	31	74	11	14	3	0	4	6	10	32	0	1	.189	.307	.392	.699	
 Solano, D	MIA	3B	55	90	6	17	3	1	0	7	1	18	0	0	.189	.215	.244	.459	
 Cowgill, C	LAA	LF	55	69	10	13	2	1	1	2	4	19	2	1	.188	.233	.290	.523	
 Iannetta, C	LAA	C	92	272	28	51	10	0	10	34	41	83	0	1	.188	.293	.335	.628	
 Peguero, C	BOS	LF	34	75	11	14	4	0	4	9	13	37	2	0	.187	.311	.400	.711	
 Adrianza, E	SF	2B	52	113	11	21	7	1	0	11	15	20	3	2	.186	.303	.265	.569	
 Leon, S	BOS	C	41	114	8	21	2	0	0	3	7	28	0	1	.184	.238	.202	.439	
 Uggla, D	WSH	2B	67	120	12	22	4	2	2	16	19	40	0	1	.183	.298	.300	.598	
 Difo, W	WSH	SS	15	11	1	2	0	0	0	0	0	2	0	0	.182	.182	.182	.364	
 Frandsen, K	SF	1B	7	11	1	2	0	0	0	0	1	3	0	0	.182	.250	.182	.432	
 Heisey, C	LAD	LF	33	55	8	10	2	0	2	9	15	17	0	1	.182	.347	.327	.674	
 Moya, S	DET	RF	9	22	1	4	0	1	0	0	3	10	0	0	.182	.280	.273	.553	
 Peraza, J	LAD	2B	7	22	3	4	1	1	0	1	2	2	3	0	.182	.250	.318	.568	
 Gomez, H	SD	IF	66	127	15	23	11	2	1	7	3	40	0	0	.181	.212	.323	.535	
 Parker, K	COL	RF	46	106	10	19	3	1	3	11	6	37	1	0	.179	.223	.311	.535	
 Sanchez, H	SF	C	28	56	5	10	4	0	1	5	2	14	0	0	.179	.207	.304	.510	
 Rivera, R	TB	C	110	298	16	53	14	0	5	26	11	86	0	0	.178	.213	.275	.489	
 Mesoraco, D	CIN	C	23	45	2	8	1	1	0	2	5	9	1	0	.178	.275	.244	.519	
 Corporan, C	TEX	C	33	107	10	19	4	0	3	15	6	40	0	0	.178	.244	.299	.543	
 D'Arnaud, C	PHI	2B	11	17	2	3	0	1	0	0	1	7	0	1	.176	.222	.294	.516	
 Sweeney, D	PHI	2B	37	85	9	15	4	1	3	11	13	27	0	2	.176	.286	.353	.639	
 Ross, D	CHC	C	72	159	6	28	9	0	1	9	20	61	1	0	.176	.267	.252	.518	
 Crisp, C	OAK	LF	44	126	11	22	6	0	0	6	13	25	2	0	.175	.252	.222	.474	
 Zunino, M	SEA	C	112	350	28	61	11	0	11	28	21	132	0	1	.174	.230	.300	.530	
 Joyce, M	LAA	LF	93	247	17	43	12	1	5	21	30	67	0	3	.174	.272	.291	.564	
 Cowart, K	LAA	3B	34	46	8	8	2	0	1	4	5	19	1	1	.174	.255	.283	.538	
 Maile, L	TB	C	15	35	2	6	3	0	0	2	0	8	0	0	.171	.171	.257	.429	
 Taylor, C	SEA	SS	37	94	9	16	3	1	0	1	6	31	3	2	.170	.220	.223	.443	
 Hedges, A	SD	C	56	137	13	23	2	0	3	11	8	38	0	0	.168	.215	.248	.463	
 Bonifacio, E	CHC	2B	47	78	5	13	2	0	0	4	2	27	1	4	.167	.198	.192	.390	
 Dorn, D	TOR	RF	23	30	0	5	1	0	0	3	2	10	0	0	.167	.219	.200	.419	
 Lollis, R	SF	RF	5	12	0	2	0	0	0	0	1	1	1	0	.167	.231	.167	.397	
 McBride, M	COL	RF	20	42	5	7	0	0	0	0	0	4	0	0	.167	.186	.167	.353	
 Monell, J	NYM	C	27	48	5	8	2	0	0	4	4	13	0	0	.167	.231	.208	.439	
 Petit, G	NYY	2B	20	42	7	7	3	0	0	5	3	16	0	0	.167	.217	.238	.455	
 Weeks Jr., R	SEA	LF	37	84	7	14	1	0	2	9	9	25	0	0	.167	.263	.250	.513	
 Mayberry, J	CWS	LF	59	110	8	18	6	1	3	9	9	33	1	0	.164	.227	.318	.545	
 Featherston, T	LAA	3B	101	154	23	25	5	1	2	9	7	46	4	2	.162	.212	.247	.459	
 Hernandez, O	ARI	C	18	31	4	5	1	0	0	1	3	15	0	0	.161	.257	.194	.451	
 Mathis, J	MIA	C	32	93	9	15	4	1	2	12	7	24	0	0	.161	.214	.290	.504	
 Bloomquist, W	SEA	SS	35	69	2	11	1	0	0	4	2	13	1	1	.159	.194	.174	.368	
 Franklin, N	TB	SS	44	101	11	16	4	1	3	7	7	37	1	0	.158	.213	.307	.520	
 Johnson, D	STL	1B	12	19	1	3	0	0	0	2	2	4	0	0	.158	.238	.158	.396	
 Telis, T	MIA	C	23	38	2	6	0	0	0	2	1	4	0	0	.158	.220	.158	.377	
 Sucre, J	SEA	C	50	127	9	20	6	0	1	7	6	21	0	0	.157	.195	.228	.424	
 Garneau, D	COL	C	22	70	6	11	3	0	2	8	6	14	0	0	.157	.224	.286	.509	
 Hayes, B	ARI	C	14	32	4	5	0	0	3	6	3	7	0	0	.156	.229	.438	.666	
 Diaz, J	TOR	SS	7	13	1	2	0	0	0	2	1	3	0	0	.154	.267	.154	.421	
 Young Jr., E	NYM	LF	53	85	16	13	4	2	0	5	6	18	6	2	.153	.217	.247	.464	
 Craig, A	BOS	1B	36	79	6	12	1	0	1	3	7	26	0	0	.152	.239	.203	.441	
 Kozma, P	STL	SS	76	99	15	15	0	0	0	2	10	21	3	1	.152	.236	.152	.388	
 Muno, D	NYM	3B	17	27	2	4	1	0	0	0	4	11	1	0	.148	.258	.185	.443	
 Boesch, B	CIN	RF	51	89	4	13	2	0	1	5	4	30	1	0	.146	.191	.202	.394	
 Herrmann, C	MIN	C	45	103	13	15	5	1	2	10	7	37	0	0	.146	.214	.272	.486	
 Grossman, R	HOU	LF	24	49	7	7	2	0	1	5	5	17	0	0	.143	.222	.245	.467	
 Kepler, M	MIN	RF	3	7	0	1	0	0	0	0	0	3	0	0	.143	.143	.143	.286	
 Pena, F	KC	C	8	7	0	1	0	0	0	0	0	3	0	0	.143	.143	.143	.286	
 Krauss, M	DET	1B	27	78	3	11	3	0	2	8	3	31	0	0	.141	.173	.256	.429	
 Negron, K	CIN	2B	43	93	6	13	2	0	0	2	9	23	2	0	.140	.238	.161	.399	
 Walters, Z	CLE	LF	12	30	0	4	0	0	0	3	0	15	0	0	.133	.133	.133	.267	
 Blair, C	OAK	C	11	31	3	4	0	0	1	3	4	18	0	0	.129	.229	.226	.454	
 Dykstra, A	TB	1B	13	31	3	4	0	0	1	4	6	12	0	0	.129	.289	.226	.515	
 Recker, A	NYM	C	32	80	6	10	1	0	2	5	11	35	1	0	.125	.239	.213	.452	
 Brantly, R	CWS	C	14	33	3	4	1	0	1	6	2	8	0	0	.121	.167	.242	.409	
 Gentry, C	OAK	LF	26	50	6	6	0	2	0	3	4	15	1	1	.120	.196	.200	.396	
 Walker, C	BAL	1B	7	9	0	1	0	0	0	0	3	4	0	0	.111	.333	.111	.444	
 Jones, J	SEA	CF	28	29	1	3	1	0	0	0	2	13	1	1	.103	.161	.138	.299	
 Ashley, N	MIL	C	12	20	2	2	1	0	0	1	0	8	0	0	.100	.143	.150	.293	
 Gale, R	SD	C	11	10	0	1	0	0	0	0	0	1	0	0	.100	.100	.100	.200	
 Holt, T	CIN	CF	14	31	4	3	0	0	0	0	3	11	1	0	.097	.176	.097	.273	
 Noonan, N	SF	2B	14	22	2	2	1	0	1	3	2	8	0	0	.091	.167	.273	.439	
 Ross, C	OAK	RF	9	22	3	2	0	0	0	3	3	6	0	0	.091	.200	.091	.291	
 Florimon, P	PIT	SS	24	23	5	2	0	1	0	1	2	12	1	0	.087	.160	.174	.334	
 LaMarre, R	CIN	CF	21	25	2	2	0	0	0	0	0	9	0	0	.080	.080	.080	.160	
 Alcantara, A	CHC	2B	11	26	5	2	0	0	0	1	5	11	1	0	.077	.226	.077	.303	
 Brignac, R	ATL	3B	17	13	2	1	0	0	0	0	3	5	0	0	.077	.250	.077	.327	
 Nieves, W	ATL	C	6	13	1	1	0	0	1	4	1	4	0	0	.077	.143	.308	.451	
 Rivera, Y	MIL	SS	7	14	0	1	0	0	0	0	0	4	0	0	.071	.071	.071	.143	
 Hicks, J	SEA	C	17	32	1	2	1	0	0	1	1	18	1	1	.063	.091	.094	.185	
 Jimenez, L	BOS	3B	16	16	1	1	0	0	0	0	1	6	0	0	.063	.118	.063	.180	
 Solano, J	MIA	C	7	20	1	1	1	0	0	2	1	1	0	0	.050	.095	.100	.195	
 Centeno, J	MIL	C	10	21	0	1	1	0	0	0	2	7	0	0	.048	.130	.095	.226	
 Lambo, A	PIT	RF	20	25	1	1	1	0	0	0	2	8	0	0	.040	.111	.080	.191	
 Anna, D	STL	SS	1	1	0	0	0	0	0	0	0	0	0	0	.000	.000	.000	.000	
 Baron, S	SEA	C	4	11	0	0	0	0	0	0	0	2	0	0	.000	.000	.000	.000	
 Berry, Q	CHC	LF	8	1	1	0	0	0	0	0	0	1	2	1	.000	.000	.000	.000	
 Bianchi, J	BOS	SS	3	2	0	0	0	0	0	0	0	0	0	0	.000	.000	.000	.000	
 Broxton, K	PIT	CF	7	2	3	0	0	0	0	0	0	1	1	1	.000	.000	.000	.000	
 Calixte, O	KC	SS	2	3	1	0	0	0	0	0	0	0	0	0	.000	.000	.000	.000	
 Cecchini, G	BOS	3B	2	4	0	0	0	0	0	0	0	3	0	0	.000	.000	.000	.000	
 Choice, M	CLE	RF	1	1	0	0	0	0	0	0	0	1	0	0	.000	.000	.000	.000	
 Coleman, D	KC	3B	4	5	0	0	0	0	0	0	0	3	0	0	.000	.000	.000	.000	
 Danks, J	PHI	CF	4	4	0	0	0	0	0	0	0	2	0	0	.000	.000	.000	.000	
 Decker, C	SD	1B	8	11	0	0	0	0	0	1	0	5	0	0	.000	.000	.000	.000	
 Diaz, E	PIT	C	2	2	0	0	0	0	0	0	0	1	0	0	.000	.000	.000	.000	
 Easley, E	STL	C	4	6	0	0	0	0	0	1	0	1	0	0	.000	.000	.000	.000	
 Gore, T	KC	LF	9	3	1	0	0	0	0	0	0	1	3	0	.000	.250	.000	.250	
 Hernandez, G	SF	CF	8	5	0	0	0	0	0	0	0	0	1	0	.000	.000	.000	.000	
 Jackson, R	LAA	SS	22	9	0	0	0	0	0	0	1	5	0	0	.000	.100	.000	.100	
 Kelly, D	MIA	3B	2	1	0	0	0	0	0	0	0	0	0	0	.000	.000	.000	.000	
 Laird, G	ARI	C	1	2	0	0	0	0	0	0	0	0	0	0	.000	.000	.000	.000	
 Lombardozzi, S	CWS	2B	12	10	1	0	0	0	0	0	1	4	0	0	.000	.091	.000	.091	
 Parrino, A	OAK	SS	17	6	1	0	0	0	0	0	2	5	0	0	.000	.250	.000	.250	
 Pridie, J	OAK	CF	6	9	0	0	0	0	0	0	1	4	0	0	.000	.100	.000	.100	
 Romine, A	NYY	C	1	2	0	0	0	0	0	0	0	0	0	0	.000	.000	.000	.000	
 Sanchez, G	NYY	C	2	2	0	0	0	0	0	0	0	1	0	0	.000	.000	.000	.000	
 Valdespin, J	MIA	LF	2	4	0	0	0	0	0	0	0	1	0	0	.000	.000	.000	.000	
 Waldrop, K	CIN	RF	1	1	0	0	0	0	0	0	0	1	0	0	.000	.000	.000	.000	
