 Perez, Y	MIA	CF	12	3	5	2	1	0	0	0	0	1	4	2	.667	.667	1.000	1.667
 Davidson, M	CWS	3B	1	2	1	1	0	0	0	1	0	1	0	0	.500	.500	.500	1.000
 Hicks, J	DET	C	1	2	1	1	1	0	0	0	0	0	0	0	.500	.500	1.000	1.500
 Parmelee, C	NYY	1B	6	8	4	4	1	0	2	4	0	3	0	0	.500	.500	1.375	1.875
 Tilson, C	CWS	CF	1	2	0	1	0	0	0	0	0	0	0	0	.500	.500	.500	1.000
 Sucre, J	SEA	C	9	25	4	12	2	0	1	5	2	5	0	0	.480	.552	.680	1.232
 Patterson, J	COL	RF	10	18	1	8	1	0	0	2	1	1	0	1	.444	.474	.500	.974
 Martinez, J	STL	LF	12	16	4	7	1	0	0	1	2	1	0	0	.438	.500	.500	1.000
 Stallings, J	PIT	C	5	15	0	6	1	0	0	2	0	4	1	0	.400	.400	.467	.867
 Renfroe, H	SD	RF	11	35	8	13	3	0	4	14	1	5	0	0	.371	.389	.800	1.189
 Mancini, T	BAL	1B	5	14	3	5	1	0	3	5	0	4	0	0	.357	.400	1.071	1.471
 LeMahieu, D	COL	2B	146	552	104	192	32	8	11	66	66	80	11	7	.348	.416	.495	.911
 Murphy, D	WSH	2B	142	531	88	184	47	5	25	104	35	57	5	3	.347	.390	.595	.985
 Turner, T	WSH	CF	73	307	53	105	14	8	13	40	14	59	33	6	.342	.370	.567	.937
 Altuve, J	HOU	2B	161	640	108	216	42	5	24	96	60	70	30	10	.338	.396	.531	.928
 Alvarez, D	BAL	RF	2	3	0	1	1	0	0	0	1	0	0	0	.333	.500	.667	1.167
 Cecchini, G	NYM	SS	4	6	2	2	2	0	0	2	0	2	0	0	.333	.429	.667	1.095
 Kawasaki, M	CHC	SS	14	21	3	7	2	0	0	1	4	5	2	0	.333	.462	.429	.890
 Rivera, T	NYM	3B	33	105	10	35	4	1	3	16	3	17	0	0	.333	.345	.476	.821
 Ruggiano, J	NYM	CF	9	24	4	8	1	0	2	7	2	10	0	1	.333	.385	.625	1.010
 Votto, J	CIN	1B	158	556	101	181	34	2	29	97	108	120	8	1	.326	.434	.550	.985
 Peraza, J	CIN	LF	72	241	25	78	8	2	3	25	7	33	21	10	.324	.352	.411	.762
 Blackmon, C	COL	CF	143	578	111	187	35	5	29	82	43	102	17	9	.324	.381	.552	.933
 Severino, P	WSH	C	16	28	6	9	2	0	2	4	5	3	0	0	.321	.441	.607	1.048
 Segura, J	ARI	2B	153	637	102	203	41	7	20	64	39	101	33	10	.319	.368	.499	.867
 Betts, M	BOS	RF	158	672	122	214	42	5	31	113	49	80	26	4	.318	.363	.534	.897
 Pedroia, D	BOS	2B	154	633	105	201	36	1	15	74	61	73	7	4	.318	.376	.449	.825
 Fuentes, R	KC	RF	13	41	2	13	1	0	0	5	3	8	0	2	.317	.364	.341	.705
 Cabrera, M	DET	1B	158	595	92	188	31	1	38	108	75	116	0	0	.316	.393	.563	.956
 Dahl, D	COL	LF	63	222	42	70	12	4	7	24	15	59	5	0	.315	.359	.500	.859
 Maybin, C	DET	CF	94	349	65	110	14	5	4	43	36	69	15	6	.315	.383	.418	.801
 Trout, M	LAA	CF	159	549	123	173	32	5	29	100	116	137	30	7	.315	.441	.550	.991
 Ortiz, D	BOS	DH	151	537	79	169	48	1	38	127	80	86	2	0	.315	.401	.620	1.021
 Toles, A	LAD	RF	48	105	19	33	9	1	3	16	8	25	1	1	.314	.365	.505	.870
 Selsky, S	CIN	RF	24	51	9	16	2	0	2	7	2	22	1	0	.314	.340	.471	.810
 Gonzalez, E	CLE	SS	21	16	2	5	0	0	0	0	1	8	0	1	.313	.353	.313	.665
 Ramirez, J	CLE	3B	152	565	84	176	46	3	11	76	44	62	22	7	.312	.363	.462	.825
 Iribarren, H	CIN	CF	24	45	6	14	0	3	0	2	0	11	1	0	.311	.311	.444	.756
 Marte, S	PIT	LF	129	489	71	152	34	5	9	46	23	104	47	12	.311	.362	.456	.818
 Leon, S	BOS	C	78	252	36	78	17	2	7	35	23	66	0	0	.310	.369	.476	.845
 Seager, C	LAD	SS	157	627	105	193	40	5	26	72	54	133	3	3	.308	.365	.512	.877
 Borbon, J	BAL	CF	6	13	1	4	0	0	0	0	0	3	0	1	.308	.308	.308	.615
 Telis, T	MIA	C	10	13	1	4	0	0	1	4	0	2	0	0	.308	.308	.538	.846
 Molina, Y	STL	C	147	534	56	164	38	1	8	58	39	63	3	2	.307	.360	.427	.787
 Ramos, W	WSH	C	131	482	58	148	25	0	22	80	35	79	0	0	.307	.354	.496	.850
 Martinez, J	DET	RF	120	460	69	141	35	2	22	68	49	128	1	2	.307	.373	.535	.908
 Braun, R	MIL	LF	135	511	80	156	23	3	30	91	46	98	16	5	.305	.365	.538	.903
 Prado, M	MIA	3B	153	600	70	183	37	3	8	75	49	69	2	2	.305	.359	.417	.775
 Healy, R	OAK	3B	72	269	36	82	20	0	13	37	12	60	0	0	.305	.337	.524	.861
 Escobar, Y	LAA	3B	132	517	68	157	28	1	5	39	40	67	0	3	.304	.355	.391	.745
 Realmuto, J	MIA	C	137	509	60	154	31	0	11	48	28	100	12	4	.303	.343	.428	.771
 Andrus, E	TEX	SS	147	506	75	153	31	7	8	69	47	70	24	8	.302	.362	.439	.800
 Swanson, D	ATL	SS	38	129	20	39	7	1	3	17	13	34	3	0	.302	.361	.442	.803
 Freeman, F	ATL	1B	158	589	102	178	43	6	34	91	89	171	6	1	.302	.400	.569	.968
 Orlando, P	KC	RF	128	457	52	138	24	4	5	43	13	105	14	3	.302	.329	.405	.734
 Kim, H	BAL	LF	95	305	36	92	16	1	6	22	36	51	1	3	.302	.382	.420	.801
 Frazier, A	PIT	2B	66	146	21	44	8	1	2	11	12	26	4	1	.301	.356	.411	.767
 Lindor, F	CLE	SS	158	604	99	182	30	3	15	78	57	88	19	5	.301	.358	.435	.794
 Beltre, A	TEX	3B	153	583	89	175	31	1	32	104	48	66	1	1	.300	.358	.521	.879
 Travis, D	TOR	2B	101	410	54	123	28	1	11	50	20	87	4	1	.300	.332	.454	.785
 Diaz, A	STL	SS	111	404	71	121	28	3	17	65	41	60	4	4	.300	.369	.510	.879
 Pena, R	SF	2B	30	87	9	26	6	1	1	10	2	16	0	0	.299	.330	.425	.755
 Culberson, C	LAD	SS	34	67	6	20	3	0	1	7	1	13	1	0	.299	.309	.388	.697
 Sanchez, G	NYY	C	53	201	34	60	12	0	20	42	24	57	1	0	.299	.376	.657	1.032
 Gonzalez, C	COL	RF	150	584	87	174	42	2	25	100	46	129	2	2	.298	.350	.505	.855
 Cano, R	SEA	2B	161	655	107	195	33	2	39	103	47	100	0	1	.298	.350	.533	.882
 Yelich, C	MIA	LF	155	578	78	172	38	3	21	98	72	138	9	4	.298	.376	.483	.859
 Goldschmidt, P	ARI	1B	158	579	106	172	33	3	24	95	110	150	32	5	.297	.411	.489	.899
 Williams, M	NYY	CF	12	27	4	8	1	0	0	2	1	12	0	0	.296	.321	.333	.655
 Cabrera, M	CWS	LF	151	591	70	175	42	5	14	86	47	69	2	0	.296	.345	.455	.800
 Naquin, T	CLE	CF	116	321	52	95	18	5	14	43	36	112	6	3	.296	.372	.514	.886
 Beltran, C	TEX	DH	151	552	73	163	33	0	29	93	35	101	1	0	.295	.337	.513	.850
 Benintendi, A	BOS	LF	34	105	16	31	11	1	2	14	10	25	1	0	.295	.359	.476	.835
 Arenado, N	COL	3B	160	618	116	182	35	6	41	133	68	103	2	3	.294	.362	.570	.932
 Bogaerts, X	BOS	SS	157	652	115	192	34	1	21	89	58	123	13	4	.294	.356	.446	.802
 Hernandez, C	PHI	2B	155	547	67	161	14	11	6	39	66	116	17	13	.294	.371	.393	.764
 Hernandez, M	BOS	SS	40	51	11	15	1	0	1	5	5	10	1	0	.294	.357	.373	.730
 Machado, M	BAL	3B	157	640	105	188	40	1	37	96	48	120	0	3	.294	.343	.533	.876
 Abreu, J	CWS	1B	159	624	67	183	32	1	25	100	47	125	0	2	.293	.353	.468	.820
 Tomlinson, K	SF	2B	52	106	13	31	4	0	0	6	12	18	5	1	.292	.370	.330	.700
 Bryant, K	CHC	3B	155	603	121	176	35	3	39	102	75	154	8	5	.292	.385	.554	.939
 Lucroy, J	TEX	C	142	490	67	143	24	3	24	81	47	100	5	0	.292	.355	.500	.855
 Andino, R	MIA	2B	13	24	2	7	0	0	0	1	0	4	0	0	.292	.292	.292	.583
 Rizzo, A	CHC	1B	155	583	94	170	43	4	32	109	74	108	3	5	.292	.385	.544	.928
 Inciarte, E	ATL	CF	131	522	85	152	24	7	3	29	45	68	16	7	.291	.351	.381	.732
 Jay, J	SD	CF	90	347	49	101	26	1	2	26	19	78	2	0	.291	.339	.389	.728
 Phillips, B	CIN	2B	141	550	74	160	34	1	11	64	18	68	14	8	.291	.320	.416	.736
 Suzuki, I	MIA	RF	143	327	48	95	15	5	1	22	30	42	10	2	.291	.354	.376	.730
 Martinez, V	DET	DH	154	553	65	160	22	0	27	86	50	90	0	0	.289	.351	.476	.826
 Pence, H	SF	RF	106	395	58	114	23	1	13	57	43	95	1	1	.289	.357	.451	.808
 Kinsler, I	DET	2B	153	618	117	178	29	4	28	83	45	115	14	6	.288	.348	.484	.831
 Pearce, S	BAL	LF	85	264	35	76	13	1	13	35	34	54	0	3	.288	.374	.492	.867
 Posey, B	SF	C	146	539	82	155	33	2	14	80	64	68	6	1	.288	.362	.434	.796
 Nunez, E	SF	3B	141	553	73	159	24	4	16	67	29	88	40	10	.288	.325	.432	.758
 Cain, L	KC	CF	103	397	56	114	19	1	9	56	31	84	14	5	.287	.339	.408	.747
 Cruz, N	SEA	DH	155	589	96	169	27	1	43	105	62	159	2	0	.287	.360	.555	.915
 Valencia, D	OAK	3B	130	471	72	135	22	1	17	51	41	115	1	1	.287	.346	.446	.792
 Herrera, O	PHI	CF	159	583	87	167	21	6	15	49	63	134	25	7	.286	.361	.420	.781
 Solarte, Y	SD	3B	109	405	55	116	26	1	15	71	30	63	1	1	.286	.341	.467	.808
 Ramirez, H	BOS	1B	147	549	81	157	28	1	30	111	60	120	9	3	.286	.361	.505	.866
 Chisenhall, L	CLE	RF	126	385	43	110	25	5	8	57	23	70	6	0	.286	.328	.439	.767
 Goodwin, B	WSH	CF	22	42	1	12	4	1	0	5	2	14	0	0	.286	.318	.429	.747
 Graterol, J	LAA	C	9	14	2	4	2	0	0	3	0	3	0	0	.286	.286	.429	.714
 Kalish, R	CHC	LF	7	7	1	2	0	0	0	2	1	0	0	0	.286	.444	.286	.730
 Ruiz, R	ATL	3B	5	7	1	2	0	1	0	2	0	2	1	0	.286	.286	.571	.857
 Villar, J	MIL	SS	156	589	92	168	38	3	19	63	79	174	62	18	.285	.369	.457	.826
 Gonzalez, A	LAD	1B	156	568	69	162	31	0	18	90	55	117	0	2	.285	.349	.435	.784
 Desmond, I	TEX	CF	156	625	107	178	29	3	22	86	44	160	21	6	.285	.335	.446	.782
 Castellanos, N	DET	3B	110	411	54	117	25	4	18	58	28	111	1	1	.285	.331	.496	.827
 Butera, D	KC	C	55	123	18	35	10	1	4	16	8	36	0	0	.285	.328	.480	.808
 Eaton, A	CWS	RF	157	619	91	176	29	9	14	59	63	115	14	5	.284	.362	.428	.790
 Donaldson, J	TOR	3B	155	577	122	164	32	5	37	99	109	119	7	1	.284	.404	.549	.953
 Butler, B	NYY	DH	97	250	27	71	18	0	5	35	21	42	0	0	.284	.336	.416	.752
 Herrmann, C	ARI	C	56	148	21	42	5	4	6	28	16	44	4	0	.284	.352	.493	.845
 Harrison, J	PIT	2B	131	487	57	138	25	7	4	59	18	76	19	4	.283	.311	.388	.699
 Aoki, N	SEA	LF	118	417	63	118	24	4	4	28	34	45	7	9	.283	.349	.388	.738
 Merrifield, W	KC	2B	81	311	44	88	22	3	2	29	19	72	8	3	.283	.323	.392	.716
 Anderson, T	CWS	SS	99	410	57	116	22	6	9	30	13	117	10	2	.283	.306	.432	.738
 Maxwell, B	OAK	C	33	92	8	26	6	1	1	14	8	24	0	0	.283	.337	.402	.739
 Reynolds, M	COL	1B	118	393	61	111	24	0	14	53	42	112	1	2	.282	.356	.450	.806
 Drury, B	ARI	LF	134	461	59	130	31	1	16	53	31	100	1	1	.282	.329	.458	.786
 Saladino, T	CWS	SS	93	298	33	84	14	0	8	38	13	62	11	5	.282	.315	.409	.725
 Contreras, W	CHC	C	76	252	33	71	14	1	12	35	26	67	2	2	.282	.357	.488	.845
 Polanco, J	MIN	SS	69	245	24	69	15	4	4	27	17	46	4	3	.282	.332	.424	.757
 Walker, N	NYM	2B	113	412	57	116	9	1	23	55	42	84	3	1	.282	.347	.476	.823
 Reddick, J	LAD	RF	115	398	53	112	17	1	10	37	39	56	8	3	.281	.345	.405	.749
 Simmons, A	LAA	SS	124	448	48	126	22	2	4	44	28	38	10	1	.281	.324	.366	.690
 Cabrera, A	NYM	SS	141	521	65	146	30	1	23	62	38	103	5	1	.280	.336	.474	.810
 Grossman, R	MIN	LF	99	332	49	93	19	1	11	37	55	96	2	3	.280	.386	.443	.828
 Cespedes, Y	NYM	CF	132	479	72	134	25	1	31	86	51	108	3	1	.280	.354	.530	.884
 Dietrich, D	MIA	2B	128	351	39	98	20	5	7	42	32	84	1	0	.279	.374	.425	.798
 Brentz, B	BOS	LF	25	61	8	17	3	0	1	7	3	17	0	0	.279	.313	.377	.690
 Seager, K	SEA	3B	158	597	89	166	36	3	30	99	69	108	3	1	.278	.359	.499	.859
 Recker, A	ATL	C	33	90	6	25	8	0	2	15	16	22	1	0	.278	.394	.433	.828
 Cron, C	LAA	1B	116	407	51	113	25	2	16	69	24	75	2	3	.278	.325	.467	.792
 Dyson, J	KC	CF	107	299	46	83	14	8	1	25	26	39	30	7	.278	.340	.388	.728
 Gosselin, P	ARI	2B	122	220	26	61	12	1	2	13	15	46	3	0	.277	.324	.368	.692
 Owings, C	ARI	SS	119	437	52	121	24	11	5	49	20	87	21	2	.277	.315	.416	.731
 Almora, A	CHC	CF	47	112	14	31	9	1	3	14	5	20	0	0	.277	.308	.455	.763
 Pagan, A	SF	LF	129	495	71	137	24	5	12	55	42	66	15	4	.277	.331	.418	.750
 Fowler, D	CHC	CF	125	456	84	126	25	7	13	48	79	124	13	4	.276	.393	.447	.840
 Difo, W	WSH	SS	31	58	14	16	3	0	1	7	8	12	3	0	.276	.364	.379	.743
 Young, C	BOS	LF	76	203	29	56	18	0	9	24	21	50	4	2	.276	.352	.498	.850
 Gregorius, D	NYY	SS	153	562	68	155	32	2	20	70	19	82	7	1	.276	.304	.447	.751
 Garcia, G	STL	3B	99	214	33	59	11	0	3	17	38	50	1	1	.276	.393	.369	.762
 Kipnis, J	CLE	2B	156	610	91	168	41	4	23	82	60	146	15	3	.275	.343	.469	.811
 Turner, J	LAD	3B	151	556	79	153	34	3	27	90	48	107	4	1	.275	.339	.493	.832
 Nicholas, B	TEX	C	15	40	5	11	5	0	2	4	4	9	0	0	.275	.356	.550	.906
 Belt, B	SF	1B	156	542	77	149	41	8	17	82	104	148	0	4	.275	.394	.474	.868
 Crawford, B	SF	SS	155	553	67	152	28	11	12	84	57	115	7	0	.275	.342	.430	.772
 Nimmo, B	NYM	CF	32	73	12	20	1	0	1	6	6	20	0	0	.274	.338	.329	.666
 Correa, C	HOU	SS	153	577	76	158	36	3	20	96	75	139	13	3	.274	.361	.451	.811
 Cuthbert, C	KC	3B	128	475	49	130	28	1	12	46	32	96	2	0	.274	.318	.413	.731
 Bell, J	PIT	1B	45	128	18	35	8	0	3	19	21	19	0	1	.273	.368	.406	.775
 Longoria, E	TB	3B	160	633	81	173	41	4	36	98	42	144	0	3	.273	.318	.521	.840
 Piscotty, S	STL	RF	153	582	86	159	35	3	22	85	51	133	7	5	.273	.343	.457	.800
 Baez, J	CHC	3B	142	421	50	115	19	1	14	59	15	108	12	3	.273	.314	.423	.737
 Murphy, T	COL	C	21	44	8	12	2	0	5	13	4	19	1	0	.273	.347	.659	1.006
 Garcia, A	ATL	3B	134	532	65	145	29	0	14	65	24	93	3	2	.273	.311	.406	.717
 Perez, H	MIL	3B	123	404	50	110	18	3	13	56	18	94	34	7	.272	.302	.428	.730
 Tomas, Y	ARI	LF	140	530	72	144	30	1	31	83	31	136	2	4	.272	.313	.508	.820
 Zobrist, B	CHC	2B	147	523	94	142	31	3	18	76	96	82	6	4	.272	.386	.446	.831
 Story, T	COL	SS	97	372	67	101	21	4	27	72	35	130	8	5	.272	.341	.567	.909
 Odor, R	TEX	2B	150	605	89	164	33	4	33	88	19	135	14	7	.271	.296	.502	.798
 Calhoun, K	LAA	RF	157	594	91	161	35	5	18	75	67	118	2	3	.271	.348	.438	.786
 Carpenter, M	STL	3B	129	473	81	128	36	6	21	68	81	108	0	4	.271	.380	.505	.885
 Flowers, T	ATL	C	83	281	27	76	18	0	8	41	29	91	0	0	.270	.357	.420	.777
 Castro, S	NYY	2B	151	577	63	156	29	1	21	70	24	118	4	0	.270	.300	.433	.734
 La Stella, T	CHC	3B	74	148	17	40	12	1	2	11	18	27	0	1	.270	.357	.405	.763
 Franklin, N	TB	LF	60	174	18	47	10	1	6	26	12	42	6	1	.270	.328	.443	.771
 Freese, D	PIT	3B	141	437	63	118	23	0	13	55	45	142	0	0	.270	.352	.412	.764
 Rodriguez, S	PIT	1B	140	300	49	81	16	1	18	56	33	102	2	1	.270	.349	.510	.859
 Rendon, A	WSH	3B	156	567	91	153	38	2	20	85	65	117	12	6	.270	.348	.450	.797
 Byrd, M	CLE	RF	34	115	11	31	6	0	5	19	11	38	0	0	.270	.326	.452	.778
 Soto, G	LAA	C	26	78	11	21	5	0	4	9	6	21	0	0	.269	.321	.487	.809
 Hardy, J	BAL	SS	115	405	43	109	29	0	9	48	26	68	0	0	.269	.309	.407	.716
 Barney, D	TOR	2B	104	279	35	75	13	2	4	19	22	48	2	2	.269	.322	.373	.695
 Markakis, N	ATL	RF	158	599	67	161	38	0	13	89	71	101	0	2	.269	.346	.397	.744
 Rosario, E	MIN	LF	92	335	52	90	17	2	10	32	12	91	5	2	.269	.295	.421	.716
 Rickard, J	BAL	RF	85	257	32	69	13	0	5	19	18	54	4	1	.268	.319	.377	.696
 Jaso, J	PIT	1B	132	380	45	102	25	3	8	42	45	74	0	4	.268	.353	.413	.766
 Dozier, B	MIN	2B	155	615	104	165	35	5	42	99	61	138	18	2	.268	.340	.546	.886
 Pujols, A	LAA	DH	152	593	71	159	19	0	31	119	49	75	4	0	.268	.323	.457	.780
 Kemp, M	ATL	LF	156	623	89	167	39	0	35	108	36	156	1	0	.268	.304	.499	.803
 Gordon, D	MIA	2B	79	325	47	87	7	6	1	14	18	55	30	7	.268	.305	.335	.641
 Narvaez, O	CWS	C	34	101	13	27	4	0	1	10	14	14	0	0	.267	.350	.337	.687
 Fryer, E	PIT	C	60	116	19	31	4	1	0	13	13	25	0	3	.267	.336	.319	.655
 Flores, W	NYM	3B	103	307	38	82	14	0	16	49	23	48	1	1	.267	.319	.469	.788
 Bradley, J	BOS	CF	156	558	94	149	30	7	26	87	63	143	9	2	.267	.349	.486	.835
 Reyes, J	NYM	3B	60	255	45	68	13	4	8	24	23	49	9	2	.267	.326	.443	.769
 Schoop, J	BAL	2B	162	615	82	164	38	1	25	82	21	137	1	2	.267	.298	.454	.752
 Pillar, K	TOR	CF	146	548	59	146	35	2	7	53	24	90	14	6	.266	.303	.376	.679
 Guyer, B	CLE	LF	101	293	39	78	17	1	9	32	19	55	3	2	.266	.372	.423	.795
 Hosmer, E	KC	1B	158	605	80	161	24	1	25	104	57	132	5	3	.266	.328	.433	.761
 Drew, S	WSH	2B	70	143	24	38	11	1	8	21	16	31	0	1	.266	.339	.524	.864
 Span, D	SF	CF	143	572	70	152	23	5	11	53	53	79	12	7	.266	.331	.381	.712
 Ozuna, M	MIA	CF	148	557	75	148	23	6	23	76	43	115	0	3	.266	.321	.452	.773
 Mazara, N	TEX	RF	145	516	59	137	13	3	20	64	39	112	0	2	.266	.320	.419	.739
 Loney, J	NYM	1B	100	343	30	91	16	1	9	34	16	37	0	0	.265	.307	.397	.703
 Rutledge, J	BOS	3B	28	49	9	13	6	0	0	3	6	19	2	0	.265	.345	.388	.733
 Sanchez, H	SD	1B	28	49	3	13	1	0	3	8	4	10	0	0	.265	.333	.469	.803
 Jones, A	BAL	CF	152	619	86	164	19	0	29	83	39	115	2	0	.265	.310	.436	.746
 Schebler, S	CIN	RF	82	257	36	68	12	2	9	40	19	59	2	4	.265	.330	.432	.762
 Castillo, W	ARI	C	113	416	41	110	24	0	14	68	33	121	2	0	.264	.322	.423	.745
 Bour, J	MIA	1B	90	280	35	74	12	1	15	51	38	56	0	0	.264	.349	.475	.824
 Forsythe, L	TB	2B	127	511	76	135	24	4	20	52	46	127	6	6	.264	.333	.444	.778
 Bourn, M	BAL	CF	113	375	48	99	13	6	5	38	28	92	15	5	.264	.314	.371	.684
 Descalso, D	COL	1B	99	250	38	66	12	2	8	38	34	56	3	0	.264	.349	.424	.773
 Cervelli, F	PIT	C	101	326	42	86	14	1	1	33	56	72	6	2	.264	.377	.322	.699
 Almonte, A	CLE	LF	67	182	24	48	20	1	1	22	8	42	8	0	.264	.294	.401	.695
 Bregman, A	HOU	3B	49	201	31	53	13	3	8	34	15	52	2	0	.264	.313	.478	.791
 Ruiz, C	LAD	C	62	201	21	53	8	0	3	15	27	33	3	1	.264	.365	.348	.713
 Puig, Y	LAD	RF	104	334	45	88	14	2	11	45	24	74	5	2	.263	.323	.416	.740
 Morales, K	KC	DH	154	558	65	147	24	0	30	93	48	120	0	0	.263	.327	.468	.795
 Lowrie, J	OAK	2B	87	338	30	89	12	1	2	27	26	65	0	0	.263	.314	.322	.637
 Ellsbury, J	NYY	CF	148	551	71	145	24	5	9	56	54	84	20	8	.263	.330	.374	.703
 Quinn, R	PHI	CF	15	57	10	15	4	0	0	6	8	19	5	1	.263	.373	.333	.706
 Robertson, D	SEA	LF	9	19	1	5	1	0	0	1	1	3	0	1	.263	.300	.316	.616
 Tapia, R	COL	CF	22	38	4	10	0	0	0	3	2	11	3	0	.263	.293	.263	.556
 Valaika, P	COL	SS	13	19	3	5	1	0	1	2	0	8	0	0	.263	.263	.474	.737
 Gennett, S	MIL	2B	136	498	58	131	30	1	14	56	38	114	8	1	.263	.317	.412	.728
 Encarnacion, E	TOR	DH	160	601	99	158	34	0	42	127	87	138	2	0	.263	.357	.529	.886
 Hill, A	BOS	3B	125	378	48	99	14	0	10	38	41	59	4	2	.262	.336	.378	.714
 Gillaspie, C	SF	3B	101	191	24	50	8	4	6	25	12	28	1	2	.262	.307	.440	.747
 Gurriel, Y	HOU	3B	36	130	13	34	7	0	3	15	5	12	1	1	.262	.292	.385	.677
 Gardner, B	NYY	LF	148	547	80	143	22	6	7	41	70	106	16	4	.261	.351	.362	.713
 Centeno, J	MIN	C	55	176	16	46	12	1	3	25	12	38	0	0	.261	.312	.392	.704
 Mauer, J	MIN	1B	134	494	68	129	22	4	11	49	79	93	2	0	.261	.363	.389	.752
 Morneau, J	CWS	DH	58	203	16	53	14	1	6	25	12	52	0	0	.261	.303	.429	.731
 Green, G	SF	2B	18	46	7	12	2	0	1	7	3	8	0	0	.261	.300	.370	.670
 Springer, G	HOU	RF	162	644	116	168	29	5	29	82	88	178	9	10	.261	.359	.457	.815
 Escobar, A	KC	SS	162	637	57	166	24	6	7	55	27	96	17	4	.261	.292	.350	.642
 Wendle, J	OAK	2B	28	96	11	25	1	0	1	11	6	16	2	0	.260	.298	.302	.600
 Hamilton, B	CIN	CF	119	411	69	107	19	3	3	17	36	93	58	8	.260	.321	.343	.664
 Valbuena, L	HOU	3B	90	292	38	76	17	1	13	40	44	81	1	1	.260	.357	.459	.816
 Plouffe, T	MIN	3B	84	319	35	83	13	1	12	47	19	60	1	0	.260	.303	.420	.723
 Giavotella, J	LAA	2B	99	346	44	90	20	1	6	31	13	39	4	3	.260	.287	.376	.662
 Hundley, N	COL	C	83	289	30	75	20	1	10	48	25	65	0	0	.260	.320	.439	.759
 Peralta, J	STL	SS	82	289	37	75	17	1	8	29	20	56	0	0	.260	.307	.408	.715
 Szczur, M	CHC	LF	107	185	30	48	9	1	5	24	13	39	2	4	.259	.312	.400	.712
 Santana, C	CLE	DH	158	582	89	151	31	3	34	87	99	99	5	2	.259	.366	.498	.865
 Hernandez, G	SF	RF	26	54	7	14	5	0	2	4	3	11	0	1	.259	.298	.463	.761
 Myers, W	SD	1B	157	599	99	155	29	4	28	94	68	160	28	6	.259	.336	.461	.797
 Marte, K	SEA	SS	119	437	55	113	21	2	1	33	18	84	11	5	.259	.287	.323	.610
 Wolters, T	COL	C	71	205	27	53	15	2	3	30	21	53	4	1	.259	.327	.395	.723
 Rua, R	TEX	LF	99	240	40	62	8	1	8	22	21	76	9	0	.258	.331	.400	.731
 Duffy, M	TB	SS	91	333	41	86	14	2	5	28	23	53	8	5	.258	.310	.357	.668
 Polanco, G	PIT	RF	144	527	79	136	34	4	22	86	53	119	17	6	.258	.323	.463	.786
 Swihart, B	BOS	LF	19	62	9	16	0	3	0	5	11	17	0	1	.258	.365	.355	.720
 Torreyes, R	NYY	3B	72	155	20	40	7	4	1	12	10	20	2	1	.258	.305	.374	.680
 Suzuki, K	MIN	C	106	345	34	89	24	1	8	49	18	48	0	0	.258	.301	.403	.704
 Barnhart, T	CIN	C	115	377	34	97	23	1	7	51	36	72	1	0	.257	.323	.379	.702
 Amarista, A	SD	3B	65	140	9	36	2	0	0	11	8	26	9	2	.257	.295	.271	.567
 Joseph, T	PHI	1B	107	315	47	81	15	0	21	47	22	75	1	1	.257	.308	.505	.813
 Dickerson, A	SD	LF	84	253	39	65	16	2	10	37	26	44	5	1	.257	.333	.455	.788
 Phegley, J	OAK	C	25	78	11	20	6	0	1	10	5	13	0	0	.256	.314	.372	.686
 Mercer, J	PIT	SS	149	519	66	133	22	3	11	59	51	83	1	1	.256	.328	.374	.701
 Trumbo, M	BAL	RF	159	613	94	157	27	1	47	108	51	170	2	0	.256	.316	.533	.850
 Santana, D	MIL	RF	77	246	34	63	14	0	11	32	32	91	2	3	.256	.345	.447	.792
 McCutchen, A	PIT	CF	153	598	81	153	26	3	24	79	69	143	6	7	.256	.336	.430	.766
 Moya, S	DET	RF	31	94	9	24	4	2	5	11	5	38	0	1	.255	.290	.500	.790
 Holt, B	BOS	LF	94	290	45	74	16	0	7	34	27	58	4	3	.255	.322	.383	.705
 Iglesias, J	DET	SS	137	467	57	119	26	0	4	32	28	50	7	4	.255	.306	.336	.643
 Franco, M	PHI	3B	152	581	67	148	23	1	25	88	40	106	1	1	.255	.306	.427	.733
 Kang, J	PIT	3B	103	318	45	81	19	0	21	62	36	79	3	1	.255	.354	.513	.867
 Kendrick, H	LAD	LF	146	487	65	124	26	2	8	40	50	96	10	2	.255	.326	.366	.691
 Peterson, J	ATL	2B	115	350	45	89	16	1	7	29	52	69	5	5	.254	.350	.366	.715
 Jackson, A	CWS	CF	54	181	24	46	12	2	0	18	17	39	2	1	.254	.318	.343	.661
 Gonzalez, M	HOU	1B	141	484	55	123	26	3	13	51	22	118	12	6	.254	.293	.401	.694
 Francoeur, J	MIA	LF	125	307	33	78	15	1	7	34	20	90	2	2	.254	.297	.378	.675
 Tulowitzki, T	TOR	SS	131	492	54	125	21	0	24	79	43	101	1	0	.254	.318	.443	.761
 Adrianza, E	SF	2B	40	63	3	16	2	0	2	7	2	13	0	1	.254	.299	.381	.679
 Pina, M	MIL	C	33	71	4	18	4	0	2	12	10	15	0	1	.254	.346	.394	.740
 Lee, D	SEA	1B	104	292	33	74	9	0	14	49	20	74	0	0	.253	.312	.428	.740
 De Jesus, I	CIN	SS	104	221	21	56	10	0	1	20	17	51	3	1	.253	.311	.312	.623
 Alonso, Y	OAK	1B	156	482	52	122	34	0	7	56	45	74	3	1	.253	.316	.367	.683
 Saunders, M	TOR	LF	140	490	70	124	32	3	24	57	59	157	1	2	.253	.338	.478	.815
 Parra, G	COL	LF	102	368	45	93	27	3	7	39	9	73	6	4	.253	.271	.399	.671
 Headley, C	NYY	3B	140	467	58	118	18	1	14	51	51	118	8	2	.253	.331	.385	.716
 Blanco, A	PHI	2B	90	190	26	48	15	1	4	21	11	41	2	3	.253	.316	.405	.721
 Cozart, Z	CIN	SS	121	464	67	117	28	2	16	50	37	84	4	1	.252	.308	.425	.732
 Utley, C	LAD	2B	138	512	79	129	26	3	14	52	40	115	2	2	.252	.319	.396	.716
 Marte, J	LAA	1B	88	258	38	65	14	0	15	44	18	59	2	2	.252	.310	.481	.790
 Rupp, C	PHI	C	105	389	36	98	26	1	16	54	24	114	1	0	.252	.303	.447	.750
 Peralta, D	ARI	RF	48	171	23	43	9	5	4	15	8	42	2	0	.251	.295	.433	.728
 Vogt, S	OAK	C	137	490	54	123	30	2	14	56	35	83	0	0	.251	.305	.406	.711
 Bourjos, P	PHI	RF	123	355	40	89	20	7	5	23	17	91	6	4	.251	.292	.389	.681
 Gattis, E	HOU	C	128	447	58	112	19	0	32	72	43	127	2	1	.251	.319	.508	.826
 Bruce, J	NYM	RF	147	539	74	135	27	6	33	99	44	126	4	2	.250	.309	.506	.815
 Castillo, R	BOS	LF	9	8	4	2	1	0	0	0	0	3	0	0	.250	.250	.375	.625
 Heredia, G	SEA	RF	45	92	12	23	3	0	1	12	12	15	1	1	.250	.349	.315	.664
 Refsnyder, R	NYY	3B	58	152	25	38	9	0	0	12	18	30	2	1	.250	.328	.309	.637
 Shaffer, R	TB	3B	20	48	5	12	6	0	1	4	5	18	0	1	.250	.315	.438	.752
 Alvarez, P	BAL	DH	109	337	43	84	20	0	22	49	37	97	1	0	.249	.322	.504	.826
 Adams, M	STL	1B	118	297	37	74	18	0	16	54	25	81	0	1	.249	.309	.471	.780
 Davis, R	CLE	CF	134	454	74	113	23	2	12	48	33	106	43	6	.249	.306	.388	.693
 Smith, S	SEA	RF	137	378	62	94	15	0	16	63	48	89	0	0	.249	.342	.415	.758
 Lamb, J	ARI	3B	151	523	81	130	31	9	29	91	64	154	6	1	.249	.332	.509	.840
 Carrera, E	TOR	RF	110	270	47	67	9	1	6	23	27	70	7	4	.248	.323	.356	.679
 Lawrie, B	CWS	2B	94	351	35	87	22	0	12	36	30	109	7	3	.248	.310	.413	.723
 Suarez, E	CIN	3B	159	565	78	140	25	2	21	70	51	155	11	5	.248	.317	.411	.728
 Beckham, T	TB	SS	64	198	25	49	12	5	5	16	14	67	2	1	.247	.300	.434	.735
 Rojas, M	MIA	2B	123	194	27	48	12	0	1	14	11	27	2	1	.247	.288	.325	.613
 Martin, L	SEA	CF	143	518	72	128	17	3	15	47	44	149	24	6	.247	.306	.378	.684
 Perez, S	KC	C	139	514	57	127	28	2	22	64	22	119	0	0	.247	.288	.438	.725
 D'Arnaud, T	NYM	C	75	251	27	62	7	0	4	15	19	50	0	0	.247	.307	.323	.629
 Davis, K	OAK	LF	150	555	85	137	24	2	42	102	42	166	1	2	.247	.307	.524	.831
 Johnson, K	NYM	3B	131	304	25	75	14	0	10	34	25	65	4	0	.247	.306	.391	.698
 Souza Jr., S	TB	RF	120	430	58	106	17	1	17	49	31	159	7	6	.247	.303	.409	.713
 Pederson, J	LAD	CF	137	406	64	100	26	0	25	68	63	130	6	2	.246	.352	.495	.847
 Holliday, M	STL	LF	110	382	48	94	20	1	20	62	35	71	0	0	.246	.322	.461	.782
 Gutierrez, F	SEA	RF	98	248	33	61	9	0	14	39	29	85	1	0	.246	.329	.452	.780
 Kiermaier, K	TB	CF	105	366	55	90	20	2	12	37	40	74	21	3	.246	.331	.410	.741
 Cabrera, R	CIN	C	61	171	11	42	10	0	3	23	8	30	1	1	.246	.279	.357	.635
 Upton, J	DET	LF	153	570	81	140	28	2	31	87	50	179	9	4	.246	.310	.465	.775
 Dickerson, C	TB	DH	148	510	57	125	36	3	24	70	33	134	0	2	.245	.293	.469	.761
 Petit, G	LAA	2B	89	204	21	50	13	1	2	17	15	51	1	1	.245	.299	.348	.647
 Jankowski, T	SD	CF	131	335	53	82	13	2	2	12	42	100	30	12	.245	.332	.313	.646
 D'Arnaud, C	ATL	SS	84	233	24	57	14	2	1	21	23	50	9	3	.245	.317	.335	.652
 Garcia, A	CWS	DH	120	413	59	101	18	2	12	51	34	115	4	4	.245	.307	.385	.692
 Sardinas, L	SD	SS	66	180	25	44	6	1	4	18	12	48	4	2	.244	.295	.356	.651
 Pollock, A	ARI	CF	12	41	9	10	0	0	2	4	5	8	4	0	.244	.326	.390	.716
 Werth, J	WSH	LF	143	525	84	128	28	0	21	69	71	139	5	1	.244	.335	.417	.752
 Wieters, M	BAL	C	124	423	48	103	17	1	17	66	32	85	1	0	.243	.302	.409	.711
 Aybar, E	DET	SS	126	415	34	101	19	2	3	34	31	70	3	5	.243	.303	.320	.623
 Margot, M	SD	CF	10	37	4	9	4	1	0	3	0	7	2	0	.243	.243	.405	.649
 Harper, B	WSH	RF	147	506	84	123	24	2	24	86	108	117	21	10	.243	.373	.441	.814
 Miller, B	TB	1B	152	548	73	133	29	6	30	81	47	149	6	4	.243	.304	.482	.786
 Gyorko, J	STL	2B	128	400	58	97	9	1	30	59	37	96	0	0	.243	.306	.495	.801
 Joyce, M	PIT	RF	140	231	45	56	10	1	13	42	59	67	1	1	.242	.403	.463	.866
 McCann, B	NYY	C	130	429	56	104	13	0	20	58	54	99	1	0	.242	.335	.413	.748
 Romine, A	NYY	C	62	165	17	40	11	0	4	26	7	31	1	0	.242	.269	.382	.650
 Shaw, T	BOS	3B	145	480	63	116	34	2	16	71	43	133	5	1	.242	.306	.421	.726
 Choo, S	TEX	RF	48	178	27	43	7	0	7	17	25	46	6	3	.242	.357	.399	.756
 Broxton, K	MIL	CF	75	207	28	50	10	1	9	19	36	88	23	4	.242	.354	.430	.784
 Galvis, F	PHI	SS	158	584	61	141	26	3	20	67	25	136	17	6	.241	.274	.399	.673
 Kelly, T	NYM	LF	39	58	9	14	1	1	1	7	11	9	0	0	.241	.352	.345	.697
 Austin, T	NYY	1B	31	83	7	20	3	0	5	12	7	36	1	0	.241	.300	.458	.758
 Duvall, A	CIN	LF	150	552	85	133	31	6	33	103	41	164	6	5	.241	.297	.498	.795
 Ramirez, A	TB	SS	145	478	38	115	22	2	6	48	21	63	8	9	.241	.277	.333	.610
 Moustakas, M	KC	3B	27	104	12	25	6	0	7	13	9	13	0	1	.240	.301	.500	.801
 Santana, D	MIN	CF	75	233	29	56	10	2	2	14	12	55	12	9	.240	.279	.326	.606
 Hood, D	MIA	LF	13	25	3	6	1	0	1	2	0	11	0	1	.240	.240	.400	.640
 Grichuk, R	STL	CF	132	446	66	107	29	3	24	68	28	141	5	4	.240	.289	.480	.769
 Stanton, G	MIA	RF	119	413	56	99	20	1	27	74	50	140	0	0	.240	.326	.489	.815
 Wong, K	STL	2B	121	313	39	75	7	7	5	23	34	52	7	0	.240	.327	.355	.682
 Lagares, J	NYM	CF	79	142	15	34	7	2	3	9	11	27	4	2	.239	.301	.380	.682
 Lind, A	SEA	1B	126	401	48	96	17	0	20	58	26	89	0	1	.239	.286	.431	.717
 Panik, J	SF	2B	127	464	67	111	21	7	10	62	50	47	5	0	.239	.315	.379	.695
 Snyder, B	ATL	1B	37	46	8	11	5	1	4	9	1	16	0	0	.239	.255	.652	.907
 Profar, J	TEX	3B	90	272	35	65	6	3	5	20	30	61	2	1	.239	.321	.338	.660
 Weeks Jr., R	ARI	LF	108	180	29	43	9	1	9	27	20	54	5	0	.239	.327	.450	.777
 Infante, O	ATL	2B	39	134	16	32	9	1	0	11	9	23	0	0	.239	.279	.321	.600
 Lough, D	MIA	OF	30	67	6	16	3	1	0	4	9	8	1	2	.239	.342	.313	.655
 Napoli, M	CLE	1B	150	557	92	133	22	1	34	101	78	194	5	1	.239	.335	.465	.800
 Mathis, J	MIA	C	41	126	12	30	4	1	2	15	4	36	0	0	.238	.267	.333	.601
 Russell, A	CHC	SS	151	525	67	125	25	3	21	95	55	135	5	1	.238	.321	.417	.738
 Schafer, L	MIN	RF	26	63	8	15	3	1	0	1	8	16	0	0	.238	.342	.317	.660
 Smith, M	ATL	CF	72	189	28	45	7	4	3	22	20	48	16	8	.238	.316	.365	.681
 Morrison, L	TB	1B	107	353	45	84	18	1	14	43	37	89	4	2	.238	.319	.414	.733
 Smolinski, J	OAK	CF	99	290	28	69	6	2	7	27	19	44	1	2	.238	.299	.345	.644
 Soler, J	CHC	LF	86	227	37	54	9	0	12	31	31	66	0	0	.238	.333	.436	.769
 Upton, M	TOR	LF	149	492	64	117	15	3	20	61	37	155	27	8	.238	.291	.402	.693
 Semien, M	OAK	SS	159	568	72	135	27	2	27	75	51	139	10	2	.238	.300	.435	.735
 Martinez, M	CLE	2B	63	101	16	24	4	0	1	4	4	23	0	2	.238	.267	.307	.574
 Brown, T	SF	C	75	173	17	41	7	0	5	19	10	39	0	1	.237	.283	.364	.647
 Wilson, B	TB	C	75	228	25	54	6	0	7	33	11	64	0	0	.237	.270	.355	.626
 Granderson, C	NYM	RF	150	545	88	129	24	5	30	59	74	130	4	2	.237	.335	.464	.799
 Sands, J	CWS	1B	24	55	2	13	0	0	1	7	3	24	0	0	.236	.276	.291	.567
 Hechavarria, A	MIA	SS	155	508	52	120	17	6	3	38	33	73	1	0	.236	.283	.311	.594
 Parker, J	SF	RF	63	127	22	30	3	1	5	14	19	44	0	1	.236	.358	.394	.751
 Escobar, E	MIN	SS	105	352	32	83	14	2	6	37	21	72	1	3	.236	.280	.338	.618
 Sano, M	MIN	DH	116	437	57	103	22	1	25	66	54	178	1	0	.236	.319	.462	.781
 Romine, A	DET	3B	108	174	21	41	5	2	2	16	13	38	8	0	.236	.304	.322	.626
 Collins, T	DET	CF	56	136	14	32	2	3	4	15	13	38	1	1	.235	.305	.382	.687
 Garneau, D	COL	C	24	68	7	16	6	0	1	6	6	22	0	0	.235	.293	.368	.661
 Gillespie, C	MIA	CF	41	51	7	12	3	2	0	5	3	14	0	0	.235	.273	.373	.645
 Pinder, C	OAK	SS	22	51	4	12	4	0	1	4	3	14	0	0	.235	.273	.373	.645
 Romero, S	SEA	RF	9	17	1	4	1	0	0	3	1	4	0	0	.235	.263	.294	.557
 Susac, A	MIL	C	9	17	3	4	1	0	1	2	2	5	0	0	.235	.316	.471	.786
 Hazelbaker, J	STL	LF	114	200	35	47	7	3	12	28	18	64	5	2	.235	.295	.480	.775
 Kepler, M	MIN	RF	113	396	52	93	20	2	17	63	42	93	6	2	.235	.309	.424	.734
 Burns, B	KC	CF	97	311	39	73	11	4	0	13	10	37	17	5	.235	.271	.296	.566
 Robinson, C	WSH	1B	104	196	16	46	4	0	5	26	20	38	0	0	.235	.305	.332	.637
 Holt, T	CIN	CF	106	179	21	42	5	3	0	13	23	48	4	3	.235	.327	.296	.623
 Bandy, J	LAA	C	70	209	23	49	9	0	8	25	11	38	1	0	.234	.281	.392	.673
 Bautista, J	TOR	RF	116	423	68	99	24	1	22	69	87	103	2	2	.234	.366	.452	.817
 Segedin, R	LAD	3B	40	73	9	17	2	1	2	12	6	22	0	0	.233	.301	.370	.671
 Moreland, M	TEX	1B	147	460	49	107	21	0	22	60	35	118	1	0	.233	.298	.422	.720
 Ortega, R	LAA	LF	66	185	24	43	8	0	1	16	13	23	8	3	.232	.283	.292	.575
 Lobaton, J	WSH	C	39	99	10	23	3	1	3	8	12	18	0	0	.232	.319	.374	.692
 Colon, C	KC	2B	54	147	13	34	6	0	1	13	11	31	0	1	.231	.294	.293	.586
 Gomez, C	TEX	CF	118	411	45	95	22	1	13	53	34	136	18	5	.231	.298	.384	.682
 Crisp, C	CLE	LF	122	446	54	103	27	4	13	55	46	78	10	5	.231	.302	.397	.698
 Brantley, M	CLE	LF	11	39	5	9	2	0	0	7	3	6	1	0	.231	.279	.282	.561
 Holaday, B	BOS	C	43	117	17	27	7	1	2	14	7	28	0	1	.231	.281	.359	.640
 Martin, R	TOR	C	137	455	62	105	16	0	20	74	64	148	2	1	.231	.335	.398	.733
 Taylor, M	WSH	CF	76	221	28	51	11	0	7	16	14	77	14	3	.231	.278	.376	.654
 Vargas, K	MIN	1B	47	152	27	35	11	0	10	20	24	57	0	0	.230	.333	.500	.833
 Heyward, J	CHC	RF	142	530	61	122	27	1	7	49	54	93	11	4	.230	.306	.325	.631
 Hernandez, T	HOU	CF	41	100	15	23	7	0	4	11	11	28	0	2	.230	.304	.420	.724
 Haniger, M	ARI	RF	34	109	9	25	2	1	5	17	12	27	0	0	.229	.309	.404	.713
 Garcia, L	CWS	2B	18	48	6	11	1	1	1	5	1	13	2	1	.229	.260	.354	.614
 Spangenberg, C	SD	2B	14	48	6	11	1	1	1	8	4	13	1	0	.229	.302	.354	.656
 Rosales, A	SD	3B	105	214	37	49	12	3	13	35	29	88	4	0	.229	.319	.495	.814
 Ross, D	CHC	C	67	166	24	38	6	0	10	32	30	54	0	1	.229	.338	.446	.784
 Duda, L	NYM	1B	47	153	20	35	7	0	7	23	15	36	0	0	.229	.302	.412	.714
 O'Malley, S	SEA	RF	89	210	24	48	9	2	2	17	18	59	6	2	.229	.299	.319	.618
 McGehee, C	DET	3B	30	92	4	21	1	0	0	1	3	14	0	0	.228	.260	.239	.500
 Grandal, Y	LAD	C	126	390	49	89	14	1	27	72	64	116	1	3	.228	.339	.477	.816
 Bethancourt, C	SD	C	73	193	20	44	9	0	6	25	10	56	1	2	.228	.265	.368	.633
 Beresford, J	MIN	3B	10	22	0	5	1	0	0	0	1	6	0	0	.227	.261	.273	.534
 Freeman, M	SEA	1B	21	22	1	5	1	0	0	1	2	7	0	0	.227	.292	.273	.564
 Solano, D	NYY	3B	9	22	5	5	2	0	1	2	1	3	0	0	.227	.261	.455	.715
 Waldrop, K	CIN	RF	15	22	1	5	1	0	0	1	1	5	0	1	.227	.261	.273	.534
 Maile, L	TB	C	42	119	10	27	7	0	3	15	4	36	0	0	.227	.252	.361	.613
 Vazquez, C	BOS	C	57	172	21	39	9	1	1	12	10	39	0	0	.227	.277	.308	.585
 Pham, T	STL	CF	78	159	26	36	7	0	9	17	20	71	2	2	.226	.324	.440	.764
 Wright, D	NYM	3B	37	137	18	31	8	0	7	14	26	55	3	2	.226	.350	.438	.788
 Hanson, A	PIT	2B	27	31	5	7	1	0	0	1	2	5	2	1	.226	.273	.258	.531
 Van Slyke, S	LAD	LF	52	102	10	23	6	0	1	7	5	24	1	2	.225	.292	.314	.606
 Frazier, T	CWS	3B	158	590	89	133	21	0	40	98	64	163	15	5	.225	.302	.464	.767
 Moss, B	STL	1B	128	413	66	93	19	2	28	67	39	141	1	0	.225	.300	.484	.784
 Stubbs, D	BAL	CF	59	80	13	18	0	0	3	7	12	38	9	1	.225	.330	.338	.667
 Buxton, B	MIN	CF	92	298	44	67	19	6	10	38	23	118	10	2	.225	.284	.430	.714
 Reynolds, M	NYM	3B	47	89	11	20	8	0	3	13	4	34	0	1	.225	.266	.416	.682
 Thompson, T	LAD	LF	80	236	31	53	11	0	13	32	26	66	5	1	.225	.302	.436	.738
 Chirinos, R	TEX	C	57	147	21	33	11	0	9	20	15	44	0	1	.224	.314	.483	.797
 Blanco, G	SF	RF	106	241	28	54	10	4	1	18	29	51	6	3	.224	.309	.311	.620
 Williamson, M	SF	RF	54	112	14	25	3	0	6	15	13	35	0	1	.223	.315	.411	.726
 Nava, D	KC	LF	54	130	11	29	6	0	1	13	10	30	0	0	.223	.297	.292	.590
 Carter, C	MIL	1B	160	549	84	122	27	1	41	94	76	206	3	1	.222	.321	.499	.821
 Johnson, C	MIA	1B	113	243	20	54	11	0	5	24	19	78	0	0	.222	.281	.329	.611
 Reimold, N	BAL	LF	104	203	25	45	9	1	6	15	22	62	1	2	.222	.300	.365	.664
 Rivera, R	NYM	C	65	185	12	41	4	0	6	26	16	54	0	0	.222	.291	.341	.632
 Paredes, J	PHI	RF	83	158	15	35	8	0	5	19	7	48	0	1	.222	.253	.367	.620
 Rollins, J	CWS	SS	41	149	25	33	8	1	2	8	16	33	5	2	.221	.295	.329	.624
 McCann, J	DET	C	105	344	31	76	9	1	12	48	23	109	0	1	.221	.272	.358	.629
 Davis, C	BAL	1B	157	566	99	125	21	0	38	84	88	219	1	0	.221	.332	.459	.792
 Clevenger, S	SEA	C	22	68	7	15	3	0	1	7	8	14	0	0	.221	.303	.309	.611
 Conforto, M	NYM	LF	109	304	38	67	21	1	12	42	36	89	2	1	.220	.310	.414	.725
 Gordon, A	KC	LF	128	445	62	98	16	2	17	40	52	148	8	1	.220	.312	.380	.692
 Barnes, B	COL	LF	48	100	10	22	6	2	0	8	3	30	1	2	.220	.250	.320	.570
 Raburn, R	COL	LF	113	223	30	49	10	2	9	30	28	80	0	0	.220	.309	.404	.712
 Arcia, O	MIL	SS	55	201	21	44	10	3	4	17	15	47	8	0	.219	.273	.358	.631
 Pierzynski, A	ATL	C	81	247	15	54	15	0	2	23	6	29	1	0	.219	.243	.304	.547
 Ahmed, N	ARI	SS	90	284	26	62	9	1	4	20	15	58	5	2	.218	.265	.299	.564
 Elmore, J	MIL	LF	59	78	7	17	2	0	0	4	17	17	2	3	.218	.371	.244	.615
 Zimmerman, R	WSH	1B	115	427	60	93	18	1	15	46	29	104	4	1	.218	.272	.370	.642
 Adames, C	COL	SS	121	225	25	49	7	3	2	17	24	47	2	3	.218	.304	.302	.607
 Hoying, J	TEX	CF	38	46	8	10	2	0	0	5	3	8	1	0	.217	.265	.261	.526
 Paulsen, B	COL	1B	39	92	8	20	5	0	1	11	5	27	0	0	.217	.258	.304	.562
 Schimpf, R	SD	2B	89	276	48	60	17	5	20	51	42	105	1	1	.217	.336	.533	.869
 Smoak, J	TOR	1B	126	299	33	65	10	0	14	34	40	112	1	0	.217	.314	.391	.705
 Revere, B	WSH	CF	103	350	44	76	9	7	2	24	18	34	14	5	.217	.260	.300	.560
 Hicks, A	NYY	RF	123	327	32	71	13	1	8	31	30	68	3	4	.217	.281	.336	.617
 White, T	HOU	1B	85	249	24	54	16	0	8	28	23	65	1	0	.217	.286	.378	.664
 Kemp, T	HOU	LF	59	120	15	26	4	3	1	7	14	27	2	1	.217	.296	.325	.621
 Flaherty, R	BAL	3B	74	157	16	34	7	0	3	15	17	48	2	0	.217	.291	.318	.610
 Ellis, A	PHI	C	64	171	11	37	8	0	2	22	19	31	2	1	.216	.301	.298	.599
 Gimenez, C	CLE	C	67	139	17	30	4	0	4	11	10	41	0	0	.216	.272	.331	.602
 Heisey, C	WSH	LF	83	139	18	30	3	1	9	17	13	44	0	1	.216	.290	.446	.736
 Montero, M	CHC	C	86	241	33	52	8	1	8	33	38	58	1	0	.216	.327	.357	.684
 Cardullo, S	COL	OF	27	56	5	12	3	1	2	6	3	12	0	0	.214	.254	.411	.665
 Davis, I	NYY	1B	8	14	2	3	0	0	0	1	1	5	0	0	.214	.267	.214	.481
 Jones, J	DET	3B	13	28	3	6	3	0	0	2	0	12	0	0	.214	.214	.321	.536
 Stewart, C	PIT	C	34	98	10	21	4	0	1	7	12	15	0	0	.214	.319	.286	.604
 Asche, C	PHI	LF	71	197	22	42	15	0	4	18	18	54	3	1	.213	.284	.350	.635
 Taylor, C	LAD	SS	36	61	8	13	2	2	1	7	4	15	0	0	.213	.262	.361	.622
 Avila, A	CWS	C	57	169	19	36	6	0	7	11	38	78	0	0	.213	.359	.373	.732
 Beckham, G	SF	2B	88	245	25	52	16	1	5	31	26	52	1	0	.212	.294	.347	.641
 Rivera, Y	MIL	SS	35	66	12	14	4	0	0	3	2	20	0	0	.212	.235	.273	.508
 Fielder, P	TEX	DH	89	326	29	69	16	0	8	44	32	63	0	0	.212	.292	.334	.626
 Alcantara, A	CIN	2B	16	19	2	4	1	0	0	2	0	8	3	3	.211	.211	.263	.474
 Bonifacio, E	ATL	CF	24	38	6	8	0	0	0	3	3	12	1	0	.211	.268	.211	.479
 Dozier, H	KC	3B	8	19	4	4	1	0	0	1	2	8	0	0	.211	.286	.263	.549
 Moncada, Y	BOS	3B	8	19	3	4	1	0	0	1	1	12	0	0	.211	.250	.263	.513
 Olivera, H	SD	LF	6	19	2	4	1	0	0	2	1	5	0	0	.211	.238	.263	.501
 Iannetta, C	SEA	C	94	295	23	62	14	0	7	24	38	83	0	0	.210	.303	.329	.631
 Castro, J	HOU	C	113	329	41	69	16	3	11	32	45	123	2	1	.210	.307	.377	.684
 Scruggs, X	MIA	1B	24	62	1	13	3	0	1	5	5	20	0	0	.210	.290	.306	.596
 Aviles, M	ATL	SS	68	167	17	35	5	1	1	6	9	27	2	2	.210	.258	.269	.528
 Espinosa, D	WSH	SS	157	516	66	108	15	0	24	72	54	174	9	2	.209	.306	.378	.684
 McBride, M	OAK	C	20	43	4	9	3	0	0	2	1	10	0	0	.209	.227	.279	.506
 Pennington, C	LAA	2B	74	172	18	36	4	2	3	10	13	55	1	0	.209	.265	.308	.573
 Marisnick, J	HOU	CF	118	287	40	60	18	1	5	21	16	83	10	5	.209	.257	.331	.588
 Nieuwenhuis, K	MIL	CF	125	335	38	70	18	1	13	44	56	133	8	9	.209	.324	.385	.709
 Perez, C	LAA	C	87	268	25	56	16	0	5	31	12	49	1	0	.209	.244	.325	.568
 DeShields, D	TEX	CF	74	182	36	38	7	0	4	13	15	54	8	3	.209	.275	.313	.588
 Gose, A	DET	CF	30	91	11	19	2	2	2	7	9	38	0	1	.209	.287	.341	.628
 Asuaje, C	SD	2B	7	24	2	5	2	0	0	2	1	4	0	0	.208	.240	.292	.532
 Ethier, A	LAD	RF	16	24	2	5	1	0	1	2	2	6	0	0	.208	.269	.375	.644
 Florimon, P	PIT	3B	18	24	4	5	1	1	0	4	1	12	0	1	.208	.240	.333	.573
 Sanchez, C	CWS	2B	53	154	15	32	9	1	4	21	5	42	0	1	.208	.236	.357	.593
 Zunino, M	SEA	C	55	164	16	34	7	0	12	31	21	65	0	0	.207	.318	.470	.787
 Navarro, D	TOR	C	101	304	26	63	13	2	6	35	23	71	1	2	.207	.265	.322	.587
 Brignac, R	ATL	3B	13	29	3	6	2	0	0	1	0	8	0	0	.207	.207	.276	.483
 Rasmus, C	HOU	LF	107	369	38	76	10	0	15	54	43	121	4	1	.206	.286	.355	.641
 Uribe, J	CLE	3B	73	238	19	49	9	0	7	25	15	49	0	0	.206	.259	.332	.591
 Shuck, J	CWS	CF	80	224	27	46	5	2	4	14	12	21	3	3	.205	.248	.299	.547
 De Aza, A	NYM	CF	130	234	31	48	9	0	6	25	26	67	4	3	.205	.297	.321	.618
 Flores, R	MIL	CF	104	249	18	51	8	0	2	19	31	58	3	0	.205	.294	.261	.555
 Ruf, D	PHI	1B	43	83	8	17	2	0	3	9	4	25	0	1	.205	.236	.337	.573
 Teixeira, M	NYY	1B	116	387	43	79	16	0	15	44	47	105	2	0	.204	.292	.362	.654
 Arcia, O	SD	LF	69	202	17	41	7	1	8	23	18	80	1	1	.203	.270	.366	.637
 Maldonado, M	MIL	C	76	208	21	42	7	0	8	21	35	56	1	0	.202	.332	.351	.683
 Castro, D	ATL	SS	47	130	8	26	1	0	0	7	7	24	1	1	.200	.241	.208	.449
 Coats, J	CWS	RF	28	50	8	10	4	0	1	4	5	12	1	0	.200	.298	.340	.638
 Jennings, D	TB	LF	65	200	22	40	7	1	7	20	21	58	2	0	.200	.281	.350	.631
 Lake, J	TOR	RF	22	35	5	7	3	0	1	2	4	11	1	0	.200	.282	.371	.653
 Pena, F	BAL	C	14	40	5	8	0	0	1	3	2	14	0	0	.200	.238	.275	.513
 Rodriguez, A	NYY	DH	65	225	19	45	7	0	9	31	14	67	3	0	.200	.247	.351	.598
 Presley, A	DET	LF	50	121	12	24	2	0	3	11	11	25	0	2	.198	.269	.289	.558
 Buss, N	LAA	LF	36	81	7	16	7	1	1	8	6	24	2	1	.198	.247	.346	.593
 Altherr, A	PHI	RF	57	198	23	39	6	0	4	22	23	69	7	2	.197	.300	.288	.587
 Plawecki, K	NYM	C	48	132	6	26	6	0	1	11	17	33	0	0	.197	.298	.265	.563
 Howard, R	PHI	1B	112	331	35	65	10	0	25	59	27	114	0	1	.196	.257	.453	.710
 Mahtook, M	TB	LF	65	185	16	36	9	0	3	11	7	68	0	1	.195	.231	.292	.523
 Conger, H	TB	C	49	124	6	24	5	0	3	10	12	40	0	0	.194	.265	.306	.571
 Federowicz, T	CHC	C	17	31	3	6	2	0	0	3	1	12	0	0	.194	.212	.258	.470
 Janish, P	BAL	SS	14	31	3	6	1	0	0	0	3	3	0	0	.194	.286	.226	.512
 Jensen, K	ARI	1B	17	31	5	6	0	1	2	7	2	13	0	0	.194	.265	.452	.716
 Eibner, B	OAK	RF	70	187	21	36	10	1	6	22	19	50	0	2	.193	.266	.353	.619
 Goeddel, T	PHI	LF	92	213	17	41	3	3	4	16	17	52	3	0	.192	.258	.291	.549
 Park, B	MIN	DH	62	215	28	41	9	1	12	24	21	80	1	0	.191	.275	.409	.684
 Kivlehan, P	CIN	LF	8	21	5	4	0	0	1	2	2	11	0	0	.190	.292	.333	.625
 Hernandez, E	LAD	LF	109	216	25	41	8	0	7	18	28	64	2	0	.190	.283	.324	.607
 Wallace, B	SD	3B	119	217	19	41	10	0	6	20	29	83	0	0	.189	.309	.318	.627
 Coghlan, C	CHC	LF	99	261	35	49	12	2	6	30	35	73	2	1	.188	.290	.318	.608
 Gamel, B	SEA	RF	33	48	9	9	2	0	1	5	6	16	0	0	.188	.278	.292	.569
 Motter, T	TB	SS	33	80	11	15	3	0	2	9	11	19	0	1	.188	.290	.300	.590
 Casali, C	TB	C	84	226	23	42	10	0	8	25	25	82	0	0	.186	.273	.336	.609
 Muncy, M	OAK	2B	51	113	13	21	2	0	2	8	20	24	0	0	.186	.308	.257	.565
 Goins, R	TOR	2B	76	183	13	34	9	2	3	12	9	48	1	1	.186	.228	.306	.534
 Norris, D	SD	C	125	415	50	77	17	0	14	42	36	139	9	2	.186	.255	.328	.583
 Crawford, C	LAD	LF	30	81	8	15	2	1	0	6	4	11	0	1	.185	.230	.235	.464
 Mondesi, R	KC	2B	47	135	16	25	1	3	2	13	6	48	9	1	.185	.231	.281	.512
 Rosario, A	STL	C	20	38	3	7	2	0	0	2	2	5	0	0	.184	.225	.237	.462
 Renda, T	CIN	2B	32	60	4	11	2	0	0	3	5	11	0	0	.183	.246	.217	.463
 Perez, R	CLE	C	61	153	14	28	6	1	3	17	23	44	0	0	.183	.285	.294	.579
 Hernandez, O	ARI	C	4	11	1	2	0	0	1	1	0	0	0	0	.182	.182	.455	.636
 Reed, M	MIL	CF	8	22	3	4	0	0	0	0	2	7	1	0	.182	.250	.182	.432
 Worth, D	HOU	2B	16	39	4	7	2	0	0	1	1	6	0	0	.179	.200	.231	.431
 Brito, S	ARI	RF	40	95	10	17	3	1	4	12	2	23	2	0	.179	.196	.358	.554
 Judge, A	NYY	RF	27	84	10	15	2	0	4	10	9	42	0	1	.179	.263	.345	.608
 Cowart, K	LAA	3B	31	85	8	15	4	0	1	8	0	23	0	0	.176	.184	.259	.443
 Den Dekker, M	WSH	CF	19	34	3	6	1	0	1	4	4	10	1	0	.176	.282	.294	.576
 Joseph, C	BAL	C	49	132	7	23	3	0	0	0	7	28	0	0	.174	.216	.197	.413
 Robinson, S	LAA	LF	65	98	16	17	3	0	1	10	10	17	3	2	.173	.257	.235	.492
 Campbell, E	NYM	1B	40	75	9	13	1	0	1	9	10	24	1	0	.173	.284	.227	.511
 Hanigan, R	BOS	C	35	105	9	18	4	0	1	14	7	27	0	0	.171	.230	.238	.468
 Saltalamacchia, J	DET	C	92	246	30	42	5	1	12	38	41	104	0	0	.171	.284	.346	.630
 Choi, J	LAA	1B	54	112	9	19	4	0	5	12	16	27	2	4	.170	.271	.339	.611
 Thole, J	TOR	C	50	118	7	20	3	0	1	7	13	28	0	0	.169	.254	.220	.474
 Blash, J	SD	RF	38	71	7	12	2	0	3	5	11	34	1	0	.169	.298	.324	.622
 Gomes, Y	CLE	C	74	251	22	42	11	1	9	34	9	69	0	0	.167	.201	.327	.527
 Johnson, M	LAD	2B	7	6	1	1	0	0	0	0	0	1	0	0	.167	.167	.167	.333
 Noonan, N	SD	SS	7	18	0	3	0	0	0	1	1	5	0	1	.167	.200	.167	.367
 Tejada, R	SF	SS	36	66	9	11	5	0	0	5	7	13	0	0	.167	.247	.242	.489
 Tucker, P	HOU	LF	48	134	11	22	8	1	4	8	8	40	0	0	.164	.222	.328	.551
 Reed, A	HOU	1B	45	122	11	20	3	0	3	8	18	48	0	0	.164	.270	.262	.532
 Pacheco, J	ATL	C	31	51	1	8	4	0	0	0	0	14	0	0	.157	.157	.235	.392
 Barnes, A	LAD	C	21	32	3	5	1	0	0	2	5	9	0	0	.156	.270	.188	.458
 Gosewisch, T	ARI	C	33	90	8	14	1	1	3	7	7	22	0	0	.156	.224	.289	.513
 Decker, J	TB	CF	19	52	1	8	1	0	0	1	4	14	1	0	.154	.211	.173	.384
 Figueroa, C	MIA	2B	23	26	0	4	0	0	0	3	1	2	1	0	.154	.185	.154	.339
 Kelly, C	STL	C	10	13	1	2	1	0	0	1	0	2	0	0	.154	.214	.231	.445
 Lalli, B	ATL	1B	10	13	0	2	1	0	0	1	0	3	0	0	.154	.154	.231	.385
 Pena, B	STL	C	9	13	0	2	1	0	0	0	1	2	0	0	.154	.214	.231	.445
 Pirela, J	SD	LF	15	39	2	6	2	0	0	0	1	9	0	1	.154	.175	.205	.380
 Cunningham, T	LAA	CF	20	27	5	4	3	0	0	1	1	6	0	1	.148	.179	.259	.438
 Kelly, D	MIA	1B	13	27	2	4	0	2	0	3	2	5	0	0	.148	.200	.296	.496
 Ackley, D	NYY	RF	28	61	6	9	0	0	0	4	8	9	0	0	.148	.243	.148	.390
 Gentry, C	LAA	LF	14	34	2	5	1	0	0	2	3	6	0	0	.147	.237	.176	.413
 Murphy, J	MIN	C	26	82	4	12	3	0	1	3	5	19	0	0	.146	.193	.220	.413
 Alberto, H	TEX	SS	35	56	2	8	1	0	0	5	0	17	1	0	.143	.143	.161	.304
 O'Brien, P	ARI	LF	28	64	6	9	1	0	5	9	3	27	0	0	.141	.179	.391	.570
 Mesoraco, D	CIN	C	16	50	2	7	1	0	0	1	5	10	0	1	.140	.218	.160	.378
 Weeks, J	SD	2B	17	50	5	7	1	1	0	2	3	14	1	0	.140	.204	.200	.404
 Nunez, R	OAK	3B	9	15	0	2	0	0	0	1	0	3	0	0	.133	.133	.133	.267
 Moran, C	HOU	3B	9	23	1	3	1	0	0	2	1	8	0	0	.130	.200	.174	.374
 Alfaro, J	PHI	C	6	16	0	2	0	0	0	0	1	8	0	0	.125	.176	.125	.301
 Hedges, A	SD	C	8	24	2	3	1	0	0	1	0	7	0	1	.125	.154	.167	.321
 Smith, K	CWS	C	7	16	2	2	0	0	0	0	0	6	0	0	.125	.125	.125	.250
 Wilkins, A	MIL	RF	26	24	3	3	1	0	1	3	3	10	1	0	.125	.222	.292	.514
 Canha, M	OAK	1B	16	41	4	5	0	0	3	6	0	20	0	1	.122	.140	.341	.481
 Rondon, J	SD	SS	8	25	1	3	0	0	0	1	1	4	0	0	.120	.154	.120	.274
 Featherston, T	PHI	2B	19	26	2	3	1	0	0	1	2	11	2	0	.115	.179	.154	.332
 Burriss, E	PHI	2B	39	45	3	5	1	1	0	0	2	10	1	0	.111	.184	.178	.361
 Ceciliani, D	TOR	LF	13	27	2	3	2	0	0	1	1	14	0	0	.111	.172	.185	.358
 Middlebrooks, W	MIL	3B	10	27	2	3	0	0	0	1	4	13	0	0	.111	.226	.111	.337
 Machado, D	DET	SS	8	10	1	1	0	0	0	0	3	4	0	0	.100	.308	.100	.408
 Olson, M	OAK	RF	11	21	3	2	1	0	0	0	7	4	0	0	.095	.321	.143	.464
 Kratz, E	TOR	C	32	85	3	8	2	0	1	4	1	32	0	0	.094	.105	.153	.258
 Candelario, J	CHC	3B	5	11	0	1	0	0	0	0	2	5	0	0	.091	.286	.091	.377
 Querecuto, J	TB	3B	4	11	1	1	0	1	0	2	0	6	0	0	.091	.091	.273	.364
 Hunter, C	PHI	LF	13	34	3	3	0	0	1	1	2	6	0	0	.088	.139	.176	.315
 Walsh, C	OAK	3B	38	47	4	4	1	0	0	2	15	22	0	0	.085	.317	.106	.424
 Cowgill, C	CLE	RF	9	12	0	1	0	0	0	0	2	7	0	0	.083	.214	.083	.298
 Ladendorf, T	OAK	2B	44	48	6	4	0	0	0	1	1	13	2	0	.083	.102	.083	.185
 Marrero, D	BOS	SS	13	12	0	1	0	0	0	0	2	5	0	0	.083	.214	.083	.298
 Vogelbach, D	SEA	1B	8	12	0	1	0	0	0	0	1	6	0	0	.083	.154	.083	.237
 Rogers, J	PIT	3B	23	25	2	2	0	1	0	2	7	9	0	0	.080	.303	.160	.463
 Ryan, B	LAA	SS	17	13	1	1	0	0	0	0	0	7	0	0	.077	.077	.077	.154
 Stassi, M	HOU	C	9	13	1	1	0	0	0	0	0	5	0	0	.077	.077	.077	.154
 Colabello, C	TOR	1B	10	29	0	2	0	0	0	1	2	9	0	0	.069	.156	.069	.225
 Venable, W	LAD	CF	12	18	2	1	1	0	0	0	0	5	0	0	.056	.105	.111	.216
 Gallo, J	TEX	3B	17	25	2	1	0	0	1	1	5	19	1	0	.040	.200	.160	.360
 Aguilar, J	CLE	1B	9	6	0	0	0	0	0	0	0	1	0	0	.000	.000	.000	.000
 Burns, A	TOR	2B	10	6	2	0	0	0	0	0	0	2	0	0	.000	.143	.000	.143
 Cruz, T	KC	C	4	4	0	0	0	0	0	1	0	3	0	0	.000	.000	.000	.000
 Diaz, E	PIT	C	1	4	0	0	0	0	0	1	0	1	0	0	.000	.000	.000	.000
 Dominguez, M	TOR	3B	5	11	0	0	0	0	0	0	1	3	0	0	.000	.083	.000	.083
 Duffy, M	TEX	3B	3	3	0	0	0	0	0	0	0	2	0	0	.000	.000	.000	.000
 Gore, T	KC	CF	17	3	6	0	0	0	0	0	0	1	11	2	.000	.000	.000	.000
 LaMarre, R	BOS	CF	5	5	1	0	0	0	0	0	1	2	0	0	.000	.167	.000	.167
 Lambo, A	OAK	RF	1	1	0	0	0	0	0	0	0	0	0	0	.000	.000	.000	.000
 Lopez, R	CIN	C	8	7	0	0	0	0	0	0	0	3	0	0	.000	.000	.000	.000
 Mastroianni, D	TEX	RF	7	9	1	0	0	0	0	0	2	4	1	0	.000	.182	.000	.182
 McKenry, M	MIL	C	3	1	0	0	0	0	0	0	0	1	0	0	.000	.000	.000	.000
 Miller, M	BOS	SS	1	1	0	0	0	0	0	0	0	0	0	0	.000	.000	.000	.000
 Moore, A	CLE	C	9	5	0	0	0	0	0	0	0	4	0	0	.000	.000	.000	.000
 Moroff, M	PIT	2B	2	2	0	0	0	0	0	0	0	2	0	0	.000	.000	.000	.000
 Morse, M	PIT	1B	6	8	0	0	0	0	0	0	0	2	0	0	.000	.000	.000	.000
 Pinto, J	MIL	C	6	5	1	0	0	0	0	0	1	4	0	0	.000	.167	.000	.167
 Pompey, D	TOR	CF	8	2	3	0	0	0	0	0	0	1	2	1	.000	.000	.000	.000
 Sandoval, P	BOS	3B	3	6	0	0	0	0	0	0	1	4	0	0	.000	.143	.000	.143
 Schwarber, K	CHC	LF	2	4	0	0	0	0	0	0	1	2	0	0	.000	.200	.000	.200
 Tuiasosopo, M	ATL	LF	3	3	0	0	0	0	0	0	0	1	0	0	.000	.000	.000	.000
 Walters, Z	LAD	LF	3	5	0	0	0	0	0	0	0	2	0	0	.000	.000	.000	.000
 Ynoa, R	COL	LF	3	5	0	0	0	0	0	0	0	2	0	0	.000	.000	.000	.000
 Young Jr., E	NYY	LF	6	1	2	0	0	0	0	0	0	0	1	0	.000	.000	.000	.000
 Drabek, K	SF	SS	1	0	0	0	0	0	0	0	0	0	0	0	-	-	-	.000
 Kieboom, S	WSH	C	1	0	1	0	0	0	0	0	1	0	0	0	-	1.000	-	1.000
