 Carson, M	CLE	RF	20	11	5	7	0	0	1	3	1	1	3	0	.636	.692	.909	1.601	
 Berry, Q	BOS	LF	13	8	5	5	0	0	1	4	1	2	3	0	.625	.667	1.000	1.667	
 Beckham, T	TB	2B	5	7	1	3	0	0	0	1	0	0	0	0	.429	.375	.429	.804	
 Fryer, E	MIN	C	6	13	2	5	1	0	1	4	3	3	0	0	.385	.500	.692	1.192	
 Mesa, M	NYY	CF	5	13	2	5	2	0	0	1	1	2	0	1	.385	.429	.538	.967	
 Walters, Z	WSH	SS	8	8	2	3	0	1	0	1	1	0	0	0	.375	.444	.625	1.069	
 Hamilton, B	CIN	CF	13	19	9	7	2	0	0	1	2	4	13	1	.368	.429	.474	.902	
 Cabrera, M	DET	1B	148	555	103	193	26	1	44	137	90	94	3	0	.348	.442	.636	1.078	
 Ramirez, H	LAD	SS	86	304	62	105	25	2	20	57	27	52	10	2	.345	.402	.638	1.040	
 Pinto, J	MIN	C	21	76	10	26	5	0	4	12	6	22	0	0	.342	.398	.566	.963	
 Butler, J	STL	RF	8	12	3	4	2	0	0	1	3	6	0	0	.333	.467	.500	.967	
 DeWitt, B	ATL	3B	4	3	0	1	1	0	0	0	0	0	0	0	.333	.333	.667	1.000	
 Gimenez, C	TB	C	4	3	0	1	1	0	0	0	1	1	0	0	.333	.500	.667	1.167	
 Gosselin, P	ATL	2B	4	6	2	2	0	0	0	0	1	2	0	0	.333	.429	.333	.762	
 Peguero, C	SEA	RF	2	6	1	2	0	0	1	1	1	2	1	0	.333	.429	.833	1.262	
 Ramirez, J	CLE	2B	15	12	5	4	0	1	0	0	2	2	0	1	.333	.429	.500	.929	
 Cuddyer, M	COL	RF	130	489	74	162	31	3	20	84	46	100	10	3	.331	.389	.530	.919	
 Gennett, S	MIL	2B	69	213	29	69	11	2	6	21	10	42	2	1	.324	.356	.479	.834	
 Mauer, J	MIN	1B	113	445	62	144	35	0	11	47	61	89	0	1	.324	.404	.476	.880	
 Trout, M	LAA	CF	157	589	109	190	39	9	27	97	110	136	33	7	.323	.432	.557	.988	
 Johnson, C	ATL	3B	142	514	54	165	34	0	12	68	29	116	0	0	.321	.358	.457	.816	
 Freeman, F	ATL	1B	147	551	89	176	27	2	23	109	66	121	1	0	.319	.396	.501	.897	
 Puig, Y	LAD	RF	104	382	66	122	21	2	19	42	36	97	11	8	.319	.391	.534	.925	
 Molina, Y	STL	C	136	505	68	161	44	0	12	80	30	55	3	2	.319	.359	.477	.836	
 Werth, J	WSH	RF	129	462	84	147	24	0	25	82	60	101	10	1	.318	.398	.532	.931	
 Carpenter, M	STL	3B	157	626	126	199	55	7	11	78	72	98	3	3	.318	.392	.481	.873	
 Infante, O	DET	2B	118	453	54	144	24	3	10	51	20	44	5	2	.318	.345	.450	.795	
 McCutchen, A	PIT	CF	157	583	97	185	38	5	21	84	78	101	27	10	.317	.404	.508	.911	
 Bloomquist, W	ARI	2B	48	139	16	44	5	1	0	14	8	11	0	2	.317	.360	.367	.727	
 Beltre, A	TEX	3B	161	631	88	199	32	0	30	92	50	78	1	0	.315	.371	.509	.880	
 Craig, A	STL	RF	134	508	71	160	29	2	13	97	40	100	2	0	.315	.373	.457	.830	
 Cano, R	NYY	2B	160	605	81	190	41	0	27	107	65	85	7	1	.314	.383	.516	.899	
 Tulowitzki, T	COL	SS	126	446	72	139	27	0	25	82	57	85	1	0	.312	.391	.540	.931	
 Blackmon, C	COL	CF	82	246	35	76	17	2	6	22	7	49	7	0	.309	.336	.467	.803	
 Ortiz, D	BOS	DH	137	518	84	160	38	2	30	103	76	88	4	0	.309	.395	.564	.959	
 Rupp, C	PHI	C	4	13	1	4	1	0	0	2	1	4	0	0	.308	.357	.385	.742	
 Wright, D	NYM	3B	112	430	63	132	23	6	18	58	55	79	17	3	.307	.390	.514	.904	
 Revere, B	PHI	LF	88	315	37	96	9	3	0	17	16	36	22	8	.305	.338	.352	.691	
 Votto, J	CIN	1B	162	581	101	177	30	3	24	73	135	138	6	3	.305	.435	.491	.926	
 Valencia, D	BAL	DH	52	161	20	49	14	1	8	23	8	33	0	2	.304	.335	.553	.888	
 Hunter, T	DET	RF	144	606	90	184	37	5	17	84	26	113	3	2	.304	.334	.465	.800	
 Nava, D	BOS	RF	134	458	77	139	29	0	12	66	51	93	0	2	.303	.385	.445	.831	
 Peralta, J	DET	SS	107	409	50	124	30	0	11	55	35	98	3	3	.303	.358	.457	.815	
 Iglesias, J	DET	SS	109	350	39	106	16	2	3	29	15	60	5	2	.303	.349	.386	.735	
 Goldschmidt, P	ARI	1B	160	602	103	182	36	3	36	125	99	145	15	7	.302	.401	.551	.952	
 McDonald, D	CHC	RF	25	53	4	16	4	0	1	5	4	8	0	0	.302	.351	.434	.785	
 Gonzalez, C	COL	LF	110	391	72	118	23	6	26	70	41	118	21	3	.302	.367	.591	.958	
 Hosmer, E	KC	1B	159	623	86	188	34	3	17	79	51	100	11	4	.302	.353	.448	.801	
 Pedroia, D	BOS	2B	160	641	91	193	42	2	9	84	73	75	17	5	.301	.372	.415	.787	
 Martinez, V	DET	DH	159	605	68	182	36	0	14	83	54	62	0	2	.301	.355	.430	.785	
 Donaldson, J	OAK	3B	158	579	89	174	37	3	24	93	76	110	5	2	.301	.384	.499	.883	
 Centeno, J	NYM	C	4	10	0	3	0	0	0	1	0	1	0	0	.300	.300	.300	.600	
 Holliday, M	STL	LF	141	520	103	156	31	1	22	94	69	86	6	1	.300	.389	.490	.879	
 Lutz, Z	NYM	3B	15	20	2	6	2	0	0	2	6	6	0	0	.300	.462	.400	.862	
 Moore, A	KC	C	5	10	1	3	1	0	0	0	1	2	1	0	.300	.364	.400	.764	
 Navarro, D	CHC	C	89	240	31	72	7	0	13	34	23	36	0	1	.300	.365	.492	.856	
 Pastornicky, T	ATL	2B	20	30	5	9	1	0	0	0	1	5	0	0	.300	.323	.333	.656	
 Loney, J	TB	1B	158	549	54	164	33	0	13	75	44	77	3	1	.299	.348	.430	.778	
 Lavarnway, R	BOS	C	25	77	8	23	7	0	1	14	2	17	0	0	.299	.329	.429	.758	
 Ellsbury, J	BOS	CF	134	577	92	172	31	8	9	53	47	92	52	4	.298	.355	.426	.781	
 Braun, R	MIL	RF	61	225	30	67	14	2	9	38	27	56	4	5	.298	.372	.498	.869	
 Nieves, W	ARI	C	71	195	16	58	11	0	1	22	8	32	0	0	.297	.320	.369	.690	
 Scutaro, M	SF	2B	127	488	57	145	23	3	2	31	45	34	2	0	.297	.357	.369	.726	
 Kendrick, H	LAA	2B	122	478	55	142	21	4	13	54	23	89	6	3	.297	.335	.439	.775	
 Pena, B	DET	C	71	229	19	68	11	0	4	22	6	26	0	2	.297	.315	.397	.713	
 Carp, M	BOS	1B	86	216	34	64	18	2	9	43	22	67	1	0	.296	.362	.523	.885	
 Holaday, B	DET	C	16	27	8	8	1	0	1	2	2	3	0	0	.296	.367	.444	.811	
 Beltran, C	STL	RF	145	554	79	164	30	3	24	84	38	90	2	1	.296	.339	.491	.830	
 Reyes, J	TOR	SS	93	382	58	113	20	0	10	37	34	47	15	6	.296	.353	.427	.780	
 Posey, B	SF	C	148	520	61	153	34	1	15	72	60	70	2	1	.294	.371	.450	.821	
 Segura, J	MIL	SS	146	588	74	173	20	10	12	49	25	84	44	13	.294	.329	.423	.752	
 Gomes, Y	CLE	C	88	293	45	86	18	2	11	38	18	67	2	0	.294	.345	.481	.826	
 Victorino, S	BOS	RF	122	477	82	140	26	2	15	61	25	75	21	3	.294	.351	.451	.801	
 Gonzalez, A	LAD	1B	157	583	69	171	32	0	22	100	47	98	1	0	.293	.342	.461	.803	
 Culberson, C	COL	2B	47	99	12	29	5	0	2	12	4	23	5	1	.293	.317	.404	.721	
 Shuck, J	LAA	LF	129	437	60	128	20	3	2	39	27	54	8	4	.293	.331	.366	.697	
 Myers, W	TB	RF	88	335	50	98	23	0	13	53	33	91	5	2	.293	.354	.478	.831	
 Perez, S	KC	C	138	496	48	145	25	3	13	79	21	63	0	0	.292	.323	.433	.757	
 Herrera, J	COL	SS	81	195	16	57	7	2	1	16	14	24	3	2	.292	.336	.364	.701	
 Rosario, W	COL	C	121	449	63	131	22	1	21	79	15	109	4	1	.292	.315	.486	.801	
 Byrd, M	PIT	RF	147	532	75	155	35	5	24	88	31	144	2	4	.291	.336	.511	.847	
 Owings, C	ARI	SS	20	55	5	16	5	0	0	5	6	10	2	0	.291	.361	.382	.742	
 Hill, A	ARI	3B	87	327	45	95	21	1	11	41	29	48	1	4	.291	.356	.462	.818	
 Lowrie, J	OAK	SS	154	603	80	175	45	2	15	75	50	91	1	0	.290	.344	.446	.791	
 Medica, T	SD	1B	19	69	9	20	2	0	3	10	10	23	0	0	.290	.380	.449	.829	
 Sierra, M	TOR	RF	35	107	11	31	13	1	1	13	14	29	1	0	.290	.369	.458	.827	
 Hernandez, C	PHI	2B	34	121	17	35	5	0	0	10	9	26	0	3	.289	.344	.331	.674	
 Belt, B	SF	1B	150	509	76	147	39	4	17	67	52	125	5	2	.289	.360	.481	.841	
 Butler, B	KC	DH	162	582	62	168	27	0	15	82	79	102	0	0	.289	.374	.412	.787	
 Tejada, M	KC	2B	53	156	15	45	5	0	3	20	6	25	1	0	.288	.317	.378	.695	
 Lind, A	TOR	1B	143	465	67	134	26	1	23	67	51	103	1	0	.288	.357	.497	.854	
 Yelich, C	MIA	LF	62	240	34	69	12	1	4	16	31	66	10	0	.288	.370	.396	.766	
 Aoki, N	MIL	RF	155	597	80	171	20	3	8	37	55	40	20	12	.286	.356	.370	.726	
 Davis, C	BAL	1B	160	584	103	167	42	1	53	138	72	199	4	1	.286	.370	.634	1.004	
 Lough, D	KC	RF	96	315	35	90	17	4	5	33	10	52	5	2	.286	.311	.413	.724	
 Murphy, D	NYM	2B	161	658	92	188	38	4	13	78	32	95	23	3	.286	.319	.415	.733	
 Navarro, Y	BAL	2B	8	28	3	8	0	1	0	2	2	8	0	0	.286	.333	.357	.690	
 Schoop, J	BAL	2B	5	14	5	4	0	0	1	1	1	2	0	0	.286	.333	.500	.833	
 Stassi, M	HOU	C	3	7	0	2	0	0	0	1	0	2	0	0	.286	.375	.286	.661	
 Mercer, J	PIT	SS	103	333	33	95	22	2	8	27	22	62	3	2	.285	.336	.435	.772	
 Jones, A	BAL	CF	160	653	100	186	35	1	33	108	25	136	14	3	.285	.318	.493	.811	
 Choo, S	CIN	CF	154	569	107	162	34	2	21	54	112	133	20	11	.285	.423	.462	.885	
 Brantley, M	CLE	LF	151	556	66	158	26	3	10	73	40	67	17	4	.284	.332	.396	.728	
 Ramirez, A	CWS	SS	158	637	68	181	39	2	6	48	26	68	30	9	.284	.313	.380	.693	
 Lake, J	CHC	LF	64	236	26	67	16	0	6	16	13	68	4	4	.284	.332	.428	.760	
 Adams, M	STL	1B	108	296	46	84	14	0	17	51	23	80	0	1	.284	.335	.503	.839	
 Kipnis, J	CLE	2B	149	564	86	160	36	4	17	84	76	143	30	7	.284	.366	.452	.818	
 Utley, C	PHI	2B	131	476	73	135	25	6	18	69	45	79	8	3	.284	.348	.475	.823	
 Gomez, C	MIL	CF	147	536	80	152	27	10	24	73	37	146	40	7	.284	.338	.506	.843	
 Cabrera, E	SD	SS	95	381	54	108	15	5	4	31	41	69	37	12	.283	.355	.381	.736	
 Machado, M	BAL	3B	156	667	88	189	51	3	14	71	29	113	6	7	.283	.314	.432	.746	
 Pence, H	SF	RF	162	629	91	178	35	5	27	99	52	115	22	3	.283	.339	.483	.822	
 Ramirez, A	MIL	3B	92	304	43	86	18	0	12	49	36	55	0	1	.283	.370	.461	.831	
 Garcia, A	CWS	RF	72	244	31	69	7	3	7	31	9	59	3	3	.283	.309	.422	.731	
 Crawford, C	LAD	LF	116	435	62	123	30	3	6	31	28	66	15	4	.283	.329	.407	.736	
 Altuve, J	HOU	2B	152	626	64	177	31	2	5	52	32	85	35	13	.283	.316	.363	.678	
 Tabata, J	PIT	RF	106	308	35	87	17	5	6	33	23	45	3	1	.282	.342	.429	.771	
 Prado, M	ARI	3B	155	609	70	172	36	2	14	82	47	53	3	5	.282	.333	.417	.750	
 Hoes, L	HOU	LF	47	170	24	48	7	2	1	10	12	35	7	1	.282	.332	.365	.696	
 Pagan, A	SF	CF	71	280	44	79	16	3	5	30	23	36	9	4	.282	.334	.414	.749	
 Calhoun, K	LAA	RF	58	195	29	55	7	2	8	32	21	41	2	2	.282	.347	.462	.808	
 Alonso, Y	SD	1B	97	334	34	94	11	0	6	45	32	47	6	0	.281	.341	.368	.710	
 Laird, G	ATL	C	47	121	12	34	8	0	1	13	14	23	1	1	.281	.367	.372	.739	
 Chavez, E	ARI	3B	80	228	28	64	14	2	9	44	19	45	1	0	.281	.332	.478	.810	
 Gentry, C	TEX	CF	106	246	39	69	12	4	2	22	29	46	24	3	.280	.373	.386	.759	
 Marte, S	PIT	LF	135	510	83	143	26	10	12	35	25	138	41	15	.280	.343	.441	.784	
 Lucroy, J	MIL	C	147	521	59	146	25	6	18	82	46	69	9	1	.280	.340	.455	.795	
 Desmond, I	WSH	SS	158	600	77	168	38	3	20	80	43	145	21	6	.280	.331	.453	.784	
 Turner, J	NYM	3B	86	200	12	56	13	1	2	16	11	34	0	1	.280	.319	.385	.704	
 LeMahieu, D	COL	2B	109	404	39	113	21	3	2	28	19	67	18	7	.280	.311	.361	.673	
 Davis, K	MIL	LF	56	136	27	38	10	0	11	27	11	34	3	0	.279	.353	.596	.949	
 Young, M	LAD	3B	147	519	52	145	26	5	8	46	43	83	1	0	.279	.335	.395	.730	
 Baker, J	TEX	LF	74	154	21	43	8	0	11	21	18	48	1	0	.279	.360	.545	.905	
 Cabrera, M	TOR	LF	88	344	39	96	15	2	3	30	23	47	2	2	.279	.322	.360	.682	
 Denorfia, C	SD	RF	144	473	67	132	21	2	10	47	42	84	11	0	.279	.337	.395	.732	
 Satin, J	NYM	1B	75	190	23	53	15	0	3	17	30	56	1	1	.279	.376	.405	.781	
 Fielder, P	DET	1B	162	624	82	174	36	0	25	106	75	117	1	1	.279	.362	.457	.819	
 Span, D	WSH	CF	153	610	75	170	28	11	4	47	42	77	20	6	.279	.327	.380	.707	
 Pena, R	ATL	2B	50	97	14	27	5	1	3	12	8	18	0	2	.278	.330	.443	.773	
 Uribe, J	LAD	3B	132	388	47	108	22	2	12	50	30	81	5	0	.278	.331	.438	.769	
 Sandoval, P	SF	3B	141	525	52	146	27	2	14	79	47	79	0	0	.278	.341	.417	.758	
 Castellanos, N	DET	3B	11	18	1	5	0	0	0	0	0	1	0	0	.278	.278	.278	.556	
 Choice, M	OAK	RF	9	18	2	5	1	0	0	0	1	6	0	0	.278	.316	.333	.649	
 Hayes, B	KC	C	5	18	2	5	3	0	1	2	0	3	0	0	.278	.278	.611	.889	
 Ross, C	ARI	LF	94	317	33	88	17	1	8	38	25	50	3	2	.278	.331	.413	.745	
 Rios, A	TEX	RF	156	616	83	171	33	4	18	81	41	108	42	7	.278	.324	.432	.756	
 Morales, K	SEA	1B	156	602	64	167	34	0	23	80	49	114	0	0	.277	.336	.449	.785	
 Kinsler, I	TEX	2B	136	545	85	151	31	2	13	72	51	59	15	11	.277	.344	.413	.757	
 Castro, J	HOU	C	120	435	63	120	35	1	18	56	50	130	2	1	.276	.350	.485	.835	
 Mahoney, J	MIA	1B	9	29	2	8	1	0	1	4	0	4	0	0	.276	.276	.414	.690	
 Urrutia, H	BAL	DH	24	58	5	16	0	1	0	2	0	11	0	0	.276	.276	.310	.586	
 Rasmus, C	TOR	CF	118	417	57	115	26	1	22	66	37	135	0	1	.276	.338	.501	.840	
 Presley, A	MIN	CF	57	185	17	51	5	2	3	15	9	39	1	4	.276	.313	.373	.686	
 Jay, J	STL	CF	157	548	75	151	27	2	7	67	52	103	10	5	.276	.351	.370	.721	
 Quentin, C	SD	LF	82	276	42	76	21	0	13	44	31	55	0	0	.275	.363	.493	.855	
 Zimmerman, R	WSH	3B	147	568	84	156	26	2	26	79	60	133	6	0	.275	.344	.465	.809	
 Boesch, B	NYY	RF	23	51	6	14	2	1	3	8	2	9	0	0	.275	.302	.529	.831	
 Zobrist, B	TB	2B	157	612	77	168	36	3	12	71	72	91	11	3	.275	.354	.402	.756	
 Bourjos, P	LAA	CF	55	175	26	48	3	3	3	12	10	43	6	0	.274	.333	.377	.710	
 Castillo, W	CHC	C	113	380	41	104	23	0	8	32	34	97	2	0	.274	.349	.397	.746	
 Freiman, N	OAK	1B	80	190	10	52	8	1	4	24	14	31	0	0	.274	.327	.389	.716	
 Harper, B	WSH	LF	118	424	71	116	24	3	20	58	61	94	11	4	.274	.368	.486	.854	
 Saltalamacchia, J	BOS	C	121	425	68	116	40	0	14	65	43	139	4	1	.273	.338	.466	.804	
 Bogusevic, B	CHC	LF	47	143	18	39	7	1	6	16	10	35	2	0	.273	.323	.462	.784	
 Gardner, B	NYY	LF	145	539	81	147	33	10	8	52	52	127	24	8	.273	.344	.416	.759	
 Langerhans, R	TOR	1B	4	11	3	3	0	0	0	0	2	2	1	0	.273	.385	.273	.657	
 Pierzynski, A	TEX	C	134	503	48	137	24	1	17	70	11	76	1	1	.272	.297	.425	.722	
 Brown, D	PHI	LF	139	496	65	135	21	4	27	83	39	97	8	3	.272	.324	.494	.818	
 Ethier, A	LAD	RF	142	482	54	131	33	2	12	52	61	95	4	3	.272	.360	.423	.783	
 Ramos, W	WSH	C	78	287	29	78	9	0	16	59	15	42	0	1	.272	.307	.470	.777	
 Jackson, A	DET	CF	129	552	99	150	30	7	12	49	52	129	8	4	.272	.337	.417	.754	
 Encarnacion, E	TOR	1B	142	530	90	144	29	1	36	104	82	62	7	1	.272	.370	.534	.904	
 Raburn, R	CLE	RF	86	243	40	66	18	0	16	55	29	67	0	0	.272	.357	.543	.901	
 Ramirez, W	MIN	RF	35	81	5	22	6	1	0	6	3	23	0	0	.272	.302	.370	.673	
 Markakis, N	BAL	RF	160	634	89	172	24	0	10	59	55	76	1	2	.271	.329	.356	.685	
 Arias, J	SF	3B	102	225	17	61	9	2	1	19	4	33	1	0	.271	.284	.342	.627	
 Andrus, E	TEX	SS	156	620	91	168	17	4	4	67	52	97	42	8	.271	.328	.331	.659	
 Aybar, E	LAA	SS	138	550	68	149	33	5	6	54	23	59	12	7	.271	.301	.382	.683	
 Jaso, J	OAK	C	70	207	31	56	12	0	3	21	38	45	2	1	.271	.387	.372	.759	
 Ellis, M	LAD	2B	126	433	46	117	13	2	6	48	26	74	4	1	.270	.323	.351	.674	
 Kemp, M	LAD	CF	73	263	35	71	15	0	6	33	22	76	9	0	.270	.328	.395	.723	
 Barton, D	OAK	1B	37	104	15	28	2	0	3	16	13	18	0	0	.269	.350	.375	.725	
 Cervelli, F	NYY	C	17	52	12	14	3	0	3	8	8	9	0	0	.269	.377	.500	.877	
 Longoria, E	TB	3B	160	614	91	165	39	3	32	88	70	162	1	0	.269	.343	.498	.842	
 Pollock, A	ARI	CF	137	443	64	119	28	5	8	38	33	82	12	3	.269	.322	.409	.730	
 Grossman, R	HOU	LF	63	257	29	69	14	0	4	21	23	70	6	7	.268	.332	.370	.702	
 Venable, W	SD	CF	151	481	64	129	22	8	22	53	29	118	22	6	.268	.312	.484	.796	
 Abreu, T	SF	2B	53	138	21	37	12	3	2	14	6	33	0	2	.268	.301	.442	.743	
 Santana, C	CLE	3B	154	541	75	145	39	1	20	74	93	110	3	1	.268	.377	.455	.832	
 Parra, G	ARI	RF	156	601	79	161	43	4	10	48	48	100	10	10	.268	.323	.403	.726	
 Ruiz, C	PHI	C	92	310	30	83	16	0	5	37	18	39	1	0	.268	.320	.368	.688	
 Arenado, N	COL	3B	133	486	49	130	29	4	10	52	23	72	2	0	.267	.301	.405	.706	
 Chavez, E	SEA	RF	97	266	22	71	10	0	2	14	9	31	1	3	.267	.290	.327	.617	
 Beckham, G	CWS	2B	103	371	46	99	22	1	5	24	28	56	5	1	.267	.322	.372	.694	
 Tanaka, K	SF	LF	15	30	4	8	0	0	0	2	4	3	2	0	.267	.353	.267	.620	
 Cruz, N	TEX	RF	109	413	49	110	18	0	27	76	35	109	5	1	.266	.327	.506	.833	
 Sogard, E	OAK	2B	130	368	45	98	24	3	2	35	27	51	10	5	.266	.322	.364	.686	
 Howard, R	PHI	1B	80	286	34	76	20	2	11	43	23	95	0	0	.266	.319	.465	.784	
 Sweeney, R	CHC	CF	70	192	19	51	13	2	6	19	17	31	1	0	.266	.324	.448	.772	
 Blanco, G	SF	RF	141	452	50	120	17	6	3	41	52	95	14	9	.265	.341	.350	.690	
 Ozuna, M	MIA	CF	70	275	31	73	17	4	3	32	13	57	5	1	.265	.303	.389	.693	
 Gordon, A	KC	LF	156	633	90	168	27	6	20	81	52	141	11	3	.265	.327	.422	.749	
 Viciedo, D	CWS	RF	124	441	43	117	23	3	14	56	24	98	0	0	.265	.304	.426	.731	
 Rendon, A	WSH	3B	98	351	40	93	23	1	7	35	31	69	1	1	.265	.329	.396	.725	
 Miller, B	SEA	SS	76	306	41	81	11	6	8	36	24	52	5	3	.265	.318	.418	.737	
 Almonte, A	SEA	CF	25	72	10	19	4	0	2	9	6	21	1	0	.264	.313	.403	.715	
 De Aza, A	CWS	LF	153	607	84	160	27	4	17	62	50	147	20	8	.264	.323	.405	.728	
 Upton, J	ATL	LF	149	558	94	147	27	2	27	70	75	161	8	1	.263	.354	.464	.818	
 Schumaker, S	LAD	CF	125	319	31	84	16	0	2	30	28	54	2	2	.263	.332	.332	.665	
 Hardy, J	BAL	SS	159	601	66	158	27	0	25	76	38	73	2	1	.263	.306	.433	.738	
 Dickerson, C	COL	LF	69	194	32	51	13	5	5	17	16	41	2	2	.263	.316	.459	.775	
 Bourn, M	CLE	CF	130	525	75	138	21	6	6	50	40	132	23	12	.263	.316	.360	.676	
 Fowler, D	COL	CF	119	415	71	109	18	3	12	42	65	105	19	9	.263	.369	.407	.776	
 Bruce, J	CIN	RF	160	626	89	164	43	1	30	109	63	185	7	3	.262	.329	.478	.807	
 Freese, D	STL	3B	138	462	53	121	26	1	9	60	47	106	1	2	.262	.340	.381	.721	
 Suzuki, I	NYY	RF	150	520	57	136	15	3	7	35	26	63	20	4	.262	.297	.342	.639	
 Crisp, C	OAK	LF	131	513	93	134	22	3	22	66	61	65	21	5	.261	.335	.444	.779	
 Campana, T	ARI	CF	29	46	10	12	0	1	0	0	8	14	8	2	.261	.370	.304	.675	
 Semien, M	CWS	3B	21	69	7	18	4	0	2	7	1	22	2	2	.261	.268	.406	.673	
 Phillips, B	CIN	2B	151	606	80	158	24	2	18	103	39	98	5	3	.261	.310	.396	.706	
 Pearce, S	BAL	LF	44	119	14	31	7	0	4	13	15	25	1	0	.261	.362	.420	.782	
 Young, D	TB	DH	103	334	30	87	16	0	11	38	20	78	0	0	.260	.307	.407	.715	
 Martin, L	TEX	CF	147	457	66	119	21	6	8	49	28	104	36	9	.260	.313	.385	.698	
 Seager, K	SEA	3B	160	615	79	160	32	2	22	69	68	122	9	3	.260	.338	.426	.764	
 Polanco, P	MIA	3B	118	377	33	98	13	0	1	23	23	31	2	0	.260	.315	.302	.617	
 Nunez, E	NYY	SS	90	304	38	79	17	4	3	28	20	51	10	3	.260	.307	.372	.679	
 Davis, R	TOR	LF	108	331	49	86	16	2	6	24	21	67	45	6	.260	.312	.375	.687	
 Jimenez, L	LAA	3B	34	104	15	27	6	0	0	5	2	28	0	2	.260	.291	.317	.608	
 Romine, A	LAA	3B	47	108	9	28	3	0	0	10	7	24	1	0	.259	.308	.287	.595	
 Napoli, M	BOS	1B	139	498	79	129	38	2	23	92	73	187	1	1	.259	.360	.482	.842	
 Bautista, J	TOR	RF	118	452	82	117	24	0	28	73	69	84	7	2	.259	.358	.498	.856	
 Morneau, J	PIT	1B	152	572	62	148	36	0	17	77	50	110	0	0	.259	.323	.411	.734	
 Lombardozzi, S	WSH	2B	118	290	25	75	15	1	2	22	8	34	4	3	.259	.278	.338	.616	
 Gose, A	TOR	CF	52	147	15	38	6	5	2	12	5	37	4	3	.259	.283	.408	.691	
 Perez, J	SF	CF	34	89	8	23	5	0	1	8	6	21	2	0	.258	.302	.348	.650	
 Pujols, A	LAA	DH	99	391	49	101	19	0	17	64	40	55	1	1	.258	.330	.437	.767	
 Callaspo, A	OAK	1B	136	453	52	117	20	0	10	58	53	47	0	2	.258	.333	.369	.702	
 Dyson, J	KC	CF	87	213	30	55	9	4	2	17	21	45	34	6	.258	.326	.366	.692	
 Adduci, J	TEX	LF	17	31	2	8	1	0	0	0	3	9	2	0	.258	.324	.290	.614	
 Constanza, J	ATL	LF	21	31	2	8	0	0	0	3	0	5	0	3	.258	.258	.258	.516	
 McLouth, N	BAL	LF	146	531	76	137	31	4	12	36	53	86	30	7	.258	.329	.399	.729	
 Miller, C	CIN	C	17	35	2	9	5	0	0	8	5	6	0	0	.257	.366	.400	.766	
 Coghlan, C	MIA	LF	70	195	10	50	10	3	1	10	17	43	2	0	.256	.318	.354	.672	
 Lucas, E	MIA	3B	94	351	43	90	14	1	4	28	26	78	1	1	.256	.311	.336	.647	
 Escobar, Y	TB	SS	153	508	61	130	27	1	9	56	57	73	4	4	.256	.332	.366	.698	
 Dirks, A	DET	LF	131	438	60	112	16	2	9	37	42	84	7	1	.256	.323	.363	.686	
 McCann, B	ATL	C	102	356	43	91	13	0	20	57	39	66	0	1	.256	.336	.461	.796	
 Moss, B	OAK	1B	145	446	73	114	23	3	30	87	50	140	4	2	.256	.337	.522	.859	
 Robinson, D	CIN	LF	102	192	21	49	7	3	0	8	18	44	4	5	.255	.322	.323	.645	
 Punto, N	LAD	SS	116	294	34	75	15	0	2	21	33	67	3	3	.255	.328	.327	.655	
 Murphy, D	CHC	3B	46	149	23	38	8	0	11	23	8	48	2	0	.255	.319	.530	.849	
 Soriano, A	NYY	LF	151	581	84	148	32	1	34	101	36	156	18	9	.255	.302	.489	.791	
 Lawrie, B	TOR	3B	107	401	41	102	18	3	11	46	30	68	9	5	.254	.315	.397	.712	
 Cozart, Z	CIN	SS	151	567	74	144	30	3	12	63	26	102	0	0	.254	.284	.381	.665	
 Heyward, J	ATL	RF	104	382	67	97	22	1	14	38	48	73	2	4	.254	.349	.427	.776	
 Sanchez, G	PIT	1B	136	264	29	67	18	0	7	36	44	51	1	0	.254	.361	.402	.762	
 Rivera, R	SD	C	23	67	4	17	3	1	0	7	2	16	0	0	.254	.268	.328	.596	
 Plouffe, T	MIN	3B	129	477	44	121	22	1	14	52	34	112	2	1	.254	.309	.392	.701	
 Drew, S	BOS	SS	124	442	57	112	29	8	13	67	54	124	6	0	.253	.333	.443	.777	
 Keppinger, J	CWS	2B	117	423	38	107	13	1	4	40	20	41	0	1	.253	.283	.317	.600	
 Smith, S	OAK	LF	117	368	49	93	27	0	8	40	39	94	0	0	.253	.329	.391	.721	
 Ackley, D	SEA	LF	113	384	40	97	18	2	4	31	37	72	2	3	.253	.319	.341	.660	
 Jennings, D	TB	CF	139	527	82	133	31	6	14	54	64	115	20	8	.252	.334	.414	.748	
 Maxwell, J	KC	RF	75	234	35	59	16	3	7	25	23	78	6	2	.252	.328	.436	.764	
 Goins, R	TOR	2B	34	119	11	30	5	0	2	8	2	28	0	0	.252	.264	.345	.609	
 Gregorius, D	ARI	SS	103	357	47	90	16	3	7	28	37	65	0	2	.252	.332	.373	.704	
 Aviles, M	CLE	LF	124	361	54	91	15	0	9	46	15	41	8	5	.252	.282	.368	.650	
 Eaton, A	ARI	LF	66	250	40	63	10	4	3	22	17	44	5	2	.252	.314	.360	.674	
 Vogt, S	OAK	C	47	135	18	34	6	1	4	16	9	28	0	1	.252	.295	.400	.695	
 Rollins, J	PHI	SS	160	600	65	151	36	2	6	39	59	93	22	6	.252	.318	.348	.667	
 Schierholtz, N	CHC	RF	137	462	56	116	32	3	21	68	29	94	6	3	.251	.301	.470	.770	
 Walker, N	PIT	2B	133	478	62	120	24	4	16	53	50	85	1	2	.251	.339	.418	.757	
 Arcia, O	MIN	LF	97	351	34	88	17	2	14	43	23	117	1	2	.251	.304	.430	.734	
 DeJesus, D	TB	LF	122	391	52	98	29	3	8	38	39	79	5	3	.251	.327	.402	.729	
 Cain, L	KC	CF	115	399	54	100	21	3	4	46	33	90	14	6	.251	.310	.348	.658	
 Beltre, E	TEX	RF	22	40	7	10	1	0	0	2	0	5	1	2	.250	.268	.275	.543	
 Bogaerts, X	BOS	SS	18	44	7	11	2	0	1	5	5	13	1	0	.250	.320	.364	.684	
 Cunningham, T	ATL	LF	8	8	2	2	0	0	0	0	0	3	0	0	.250	.250	.250	.500	
 Falu, I	KC	3B	1	4	0	1	0	0	0	0	0	0	0	0	.250	.250	.250	.500	
 Green, G	LAA	2B	45	140	16	35	8	1	1	17	10	44	0	0	.250	.301	.343	.644	
 Hamilton, J	LAA	LF	151	576	73	144	32	5	21	79	47	158	4	0	.250	.307	.432	.739	
 Harrison, J	PIT	3B	60	88	10	22	1	2	3	14	2	10	2	0	.250	.290	.409	.699	
 Headley, C	SD	3B	141	520	59	130	35	2	13	50	67	142	8	4	.250	.347	.400	.747	
 Herrera, E	LAD	LF	4	8	0	2	0	0	0	0	0	2	0	0	.250	.250	.250	.500	
 Martinez, J	HOU	LF	86	296	24	74	17	0	7	36	10	82	2	0	.250	.272	.378	.650	
 Navarro, E	LAA	1B	4	4	0	1	0	0	0	1	2	1	1	0	.250	.500	.250	.750	
 Robinson, S	STL	RF	99	144	22	36	2	1	2	16	23	17	5	1	.250	.345	.319	.664	
 Torres, A	SF	LF	103	272	33	68	17	1	2	21	22	61	4	3	.250	.302	.342	.644	
 Stanton, G	MIA	RF	116	425	62	106	26	0	24	62	74	140	1	0	.249	.365	.480	.845	
 Helton, T	COL	1B	124	397	41	99	22	1	15	61	40	87	0	0	.249	.314	.423	.738	
 Solano, D	MIA	2B	102	361	33	90	13	1	3	34	23	57	3	1	.249	.305	.316	.621	
 Lobaton, J	TB	C	100	277	38	69	15	2	7	32	30	65	0	1	.249	.320	.394	.714	
 Roberts, B	BAL	2B	77	265	33	66	12	1	8	39	26	44	3	1	.249	.312	.392	.704	
 Gyorko, J	SD	2B	125	486	62	121	26	0	23	63	33	123	1	1	.249	.301	.444	.745	
 Conger, H	LAA	C	92	233	23	58	13	1	7	21	17	61	0	1	.249	.310	.403	.713	
 Young Jr., E	NYM	LF	148	539	70	134	27	7	2	32	46	100	46	11	.249	.310	.336	.645	
 Crawford, B	SF	SS	149	499	52	124	24	3	9	43	42	96	1	2	.248	.311	.363	.674	
 Gutierrez, F	SEA	RF	41	145	18	36	7	0	10	24	5	43	3	1	.248	.273	.503	.777	
 Sanchez, H	SF	C	63	129	8	32	4	0	3	19	7	29	0	0	.248	.300	.349	.649	
 Simmons, A	ATL	SS	157	606	76	150	27	6	17	59	40	55	6	5	.248	.296	.396	.692	
 Doumit, R	MIN	C	135	485	49	120	28	1	14	55	48	99	1	0	.247	.314	.396	.710	
 Ruf, D	PHI	LF	73	251	36	62	11	0	14	30	33	91	0	0	.247	.348	.458	.806	
 Roberts, R	TB	2B	60	162	15	40	6	0	5	17	11	39	0	2	.247	.295	.377	.671	
 Gomes, J	BOS	LF	116	312	49	77	17	0	13	52	43	89	1	0	.247	.344	.426	.771	
 Pierre, J	MIA	LF	113	308	36	76	11	2	1	8	13	27	23	6	.247	.284	.305	.589	
 Schafer, J	ATL	LF	94	231	32	57	8	3	3	21	29	73	22	6	.247	.331	.346	.677	
 Norris, D	OAK	C	98	264	41	65	16	0	9	30	37	71	5	0	.246	.345	.409	.754	
 Rodriguez, S	TB	LF	96	195	21	48	10	1	5	23	17	59	1	3	.246	.320	.385	.704	
 Swisher, N	CLE	1B	145	549	74	135	27	2	22	63	77	138	1	0	.246	.341	.423	.763	
 Soto, G	TEX	C	54	163	20	40	9	0	9	22	20	60	1	2	.245	.328	.466	.794	
 Gillaspie, C	CWS	3B	134	408	46	100	14	3	13	40	37	79	0	1	.245	.305	.390	.695	
 Castro, S	CHC	SS	161	666	59	163	34	2	10	44	30	129	9	6	.245	.284	.347	.631	
 Konerko, P	CWS	1B	126	467	41	114	16	0	12	54	45	74	0	0	.244	.313	.355	.669	
 Paul, X	CIN	LF	97	209	24	51	12	0	7	32	27	53	0	1	.244	.339	.402	.741	
 Johnson, R	ATL	RF	74	123	13	30	7	1	1	11	6	32	0	0	.244	.311	.341	.653	
 Tuiasosopo, M	DET	LF	81	164	26	40	7	0	7	30	25	57	0	0	.244	.351	.415	.765	
 Dozier, B	MIN	2B	147	558	72	136	33	4	18	66	51	120	14	7	.244	.312	.414	.726	
 Rodriguez, A	NYY	3B	44	156	21	38	7	0	7	19	23	43	4	2	.244	.348	.423	.771	
 Gattis, E	ATL	C	105	354	44	86	21	0	21	65	21	81	0	0	.243	.291	.480	.771	
 Blanks, K	SD	RF	88	280	31	68	14	0	8	35	21	85	1	1	.243	.305	.379	.684	
 Bonifacio, E	KC	2B	136	420	54	102	22	3	3	31	30	103	28	8	.243	.295	.331	.625	
 Villar, J	HOU	SS	58	210	26	51	9	2	1	8	24	71	18	8	.243	.321	.319	.640	
 Cedeno, R	SD	SS	89	264	24	64	8	3	3	21	14	73	5	4	.242	.287	.330	.617	
 Gindl, C	MIL	LF	57	132	17	32	7	2	5	14	20	25	2	1	.242	.340	.439	.779	
 Lagares, J	NYM	CF	121	392	35	95	21	5	4	34	20	96	6	3	.242	.281	.352	.633	
 Morrison, L	MIA	1B	85	293	32	71	13	4	6	36	38	56	0	0	.242	.333	.375	.709	
 Ibanez, R	SEA	LF	124	454	54	110	20	2	29	65	42	128	0	0	.242	.306	.487	.793	
 Berkman, L	TEX	DH	73	256	27	62	10	1	6	34	38	52	0	0	.242	.340	.359	.700	
 Cabrera, A	CLE	SS	136	508	66	123	35	2	14	64	35	114	9	3	.242	.299	.402	.700	
 Elmore, J	HOU	SS	52	120	16	29	4	0	2	6	13	20	1	6	.242	.313	.325	.638	
 Pennington, C	ARI	SS	96	269	25	65	13	1	1	18	26	54	2	0	.242	.310	.309	.618	
 Lutz, D	CIN	LF	34	58	5	14	1	0	1	8	1	14	2	0	.241	.254	.310	.565	
 Dominguez, M	HOU	3B	152	543	56	131	25	0	21	77	30	96	0	1	.241	.286	.403	.690	
 Scott, L	TB	DH	91	253	27	61	13	2	9	40	30	63	1	1	.241	.326	.415	.741	
 Overbay, L	NYY	1B	142	445	43	107	24	1	14	59	36	111	2	0	.240	.295	.393	.688	
 Ludwick, R	CIN	LF	38	129	7	31	5	0	2	12	10	29	0	0	.240	.293	.326	.618	
 Van Slyke, S	LAD	LF	53	129	13	31	8	0	7	19	20	37	1	1	.240	.342	.465	.807	
 Torrealba, Y	COL	C	61	179	10	43	8	0	0	16	13	24	0	0	.240	.295	.285	.580	
 Barnes, B	HOU	CF	136	408	46	98	17	1	8	41	21	127	11	11	.240	.289	.346	.635	
 Cespedes, Y	OAK	LF	135	529	74	127	21	4	26	80	37	137	7	7	.240	.294	.442	.737	
 Sappelt, D	CHC	CF	31	75	6	18	3	0	0	4	3	14	3	1	.240	.269	.280	.549	
 Pacheco, J	COL	1B	95	247	23	59	15	0	1	22	10	38	0	0	.239	.276	.312	.588	
 Ellis, A	LAD	C	115	390	43	93	17	1	10	52	45	78	0	2	.238	.318	.364	.682	
 Mesoraco, D	CIN	C	103	323	31	77	13	0	9	42	24	61	0	2	.238	.287	.362	.649	
 Dickerson, C	BAL	LF	56	105	17	25	5	0	4	13	4	36	5	1	.238	.266	.400	.666	
 Smoak, J	SEA	1B	131	454	53	108	19	0	20	50	64	119	0	0	.238	.334	.412	.746	
 Descalso, D	STL	SS	123	328	43	78	25	1	5	43	22	56	6	3	.238	.290	.366	.656	
 Halton, S	MIL	1B	42	101	9	24	4	0	4	17	5	31	0	0	.238	.291	.396	.687	
 Bianchi, J	MIL	SS	100	236	22	56	8	1	1	25	11	46	4	4	.237	.272	.292	.564	
 Davidson, M	ARI	3B	31	76	8	18	6	0	3	12	10	24	0	1	.237	.333	.434	.768	
 LaRoche, A	WSH	1B	152	511	70	121	19	3	20	62	72	131	4	1	.237	.332	.403	.735	
 Quintero, H	SEA	C	46	131	8	31	5	0	4	13	6	30	0	0	.237	.275	.366	.642	
 Heisey, C	CIN	LF	87	224	29	53	11	1	9	23	9	51	3	0	.237	.279	.415	.694	
 Saunders, M	SEA	RF	132	406	59	96	23	3	12	46	54	118	13	5	.236	.323	.397	.720	
 Amarista, A	SD	SS	146	368	35	87	14	4	5	32	22	57	4	2	.236	.282	.337	.619	
 Escobar, E	MIN	SS	66	165	23	39	5	2	3	10	11	34	0	2	.236	.282	.345	.628	
 Green, N	MIA	2B	18	55	4	13	2	0	1	6	3	14	0	0	.236	.302	.327	.629	
 Nix, J	NYY	SS	87	267	32	63	9	1	3	24	24	80	13	1	.236	.308	.311	.619	
 Almonte, Z	NYY	LF	34	106	9	25	4	0	1	9	6	19	3	1	.236	.274	.302	.576	
 Izturis, M	TOR	2B	107	365	33	86	12	0	5	32	27	38	1	5	.236	.288	.310	.597	
 DeRosa, M	TOR	2B	88	204	23	48	12	1	7	36	28	49	0	0	.235	.326	.407	.733	
 Wieters, M	BAL	C	148	523	59	123	29	0	22	79	43	104	2	0	.235	.287	.417	.704	
 Rutledge, J	COL	2B	88	285	45	67	6	1	7	19	22	62	12	0	.235	.294	.337	.630	
 Johnson, K	TB	LF	118	366	41	86	12	2	16	52	35	99	7	4	.235	.305	.410	.715	
 Joyce, M	TB	LF	140	413	61	97	22	0	18	47	59	87	7	3	.235	.328	.419	.747	
 Asche, C	PHI	3B	50	162	18	38	8	1	5	22	15	43	1	0	.235	.302	.389	.691	
 Wise, D	CWS	CF	30	64	6	15	3	0	1	3	2	14	1	1	.234	.258	.328	.586	
 Profar, J	TEX	2B	85	286	30	67	11	0	6	26	26	63	2	4	.234	.308	.336	.644	
 Galvis, F	PHI	2B	70	205	13	48	5	4	6	19	13	45	1	0	.234	.283	.385	.668	
 Frandsen, K	PHI	1B	119	252	27	59	10	1	5	26	12	29	1	0	.234	.296	.341	.637	
 Gordon, D	LAD	2B	38	94	9	22	1	1	1	6	10	21	10	2	.234	.314	.298	.612	
 Escobar, A	KC	SS	158	607	57	142	20	4	4	52	19	84	22	0	.234	.259	.300	.559	
 Trumbo, M	LAA	1B	159	620	85	145	30	2	34	100	54	184	5	2	.234	.294	.453	.747	
 Frazier, T	CIN	3B	150	531	63	124	29	3	19	73	50	125	6	5	.234	.314	.407	.721	
 Wells, V	NYY	LF	130	424	45	99	16	0	11	50	30	73	7	3	.233	.282	.349	.631	
 Lambo, A	PIT	RF	18	30	4	7	2	0	1	2	3	11	0	1	.233	.303	.400	.703	
 Sanchez, T	PIT	C	22	60	9	14	4	0	2	5	3	14	0	0	.233	.288	.400	.688	
 Jones, G	PIT	1B	144	403	41	94	26	2	15	51	31	101	2	0	.233	.289	.419	.708	
 Hundley, N	SD	C	114	373	35	87	19	0	13	44	26	98	1	0	.233	.290	.389	.679	
 Molina, J	TB	C	99	283	26	66	14	0	2	18	22	63	2	1	.233	.290	.304	.594	
 Moustakas, M	KC	3B	136	472	42	110	26	0	12	42	32	83	2	4	.233	.287	.364	.651	
 Alvarez, P	PIT	3B	152	558	70	130	22	2	36	100	48	186	2	0	.233	.296	.473	.770	
 Rizzo, A	CHC	1B	160	606	71	141	40	2	23	80	76	127	6	5	.233	.323	.419	.742	
 Stubbs, D	CLE	RF	146	430	59	100	21	2	10	45	44	141	17	2	.233	.305	.360	.665	
 Moreland, M	TEX	1B	147	462	60	107	24	1	23	60	45	117	0	0	.232	.299	.437	.736	
 Suzuki, K	OAK	C	94	285	25	66	13	1	5	32	22	35	2	0	.232	.290	.337	.627	
 Danks, J	CWS	CF	79	160	15	37	7	0	5	12	18	57	7	2	.231	.313	.369	.682	
 Federowicz, T	LAD	C	56	160	12	37	8	0	4	16	10	56	0	0	.231	.275	.356	.631	
 Montero, M	ARI	C	116	413	44	95	14	0	11	42	51	110	0	0	.230	.318	.344	.662	
 Kawasaki, M	TOR	SS	96	240	27	55	6	5	1	24	32	41	7	1	.229	.326	.308	.634	
 Granderson, C	NYY	CF	61	214	31	49	13	2	7	15	27	69	8	2	.229	.317	.407	.723	
 Parmelee, C	MIN	RF	101	294	21	67	13	0	8	24	33	81	1	1	.228	.309	.354	.663	
 Dobbs, G	MIA	1B	114	237	21	54	11	0	2	22	22	40	1	1	.228	.303	.300	.603	
 Nelson, C	LAA	3B	64	211	19	48	4	4	3	24	13	66	2	1	.227	.273	.327	.600	
 Avila, A	DET	C	102	330	39	75	14	1	11	47	44	112	0	0	.227	.317	.376	.693	
 Francisco, J	MIL	1B	124	348	36	79	12	1	18	48	32	138	0	2	.227	.296	.422	.719	
 Middlebrooks, W	BOS	3B	94	348	41	79	18	0	17	49	20	98	3	1	.227	.271	.425	.696	
 Brown, A	NYM	RF	68	150	16	34	5	0	7	24	13	44	1	0	.227	.288	.400	.688	
 Mayberry, J	PHI	LF	134	353	47	80	23	1	11	39	27	90	5	3	.227	.286	.391	.677	
 Hechavarria, A	MIA	SS	148	543	30	123	14	8	3	42	30	96	11	10	.227	.267	.298	.565	
 Bernier, D	MIN	SS	33	53	9	12	3	0	0	5	8	15	2	1	.226	.339	.283	.622	
 Martin, R	PIT	C	127	438	51	99	21	0	15	55	58	108	9	5	.226	.327	.377	.703	
 Reddick, J	OAK	RF	114	385	54	87	19	2	12	56	46	86	9	2	.226	.307	.379	.686	
 Tekotte, B	CWS	CF	20	31	4	7	1	0	1	2	3	9	1	3	.226	.306	.355	.660	
 Guzman, J	SD	LF	126	288	33	65	17	0	9	35	27	79	3	0	.226	.297	.378	.675	
 Corporan, C	HOU	C	64	191	16	43	5	0	7	20	10	60	0	0	.225	.287	.361	.648	
 Franklin, N	SEA	2B	102	369	38	83	20	1	12	45	42	113	6	1	.225	.303	.382	.686	
 Chisenhall, L	CLE	3B	94	289	30	65	17	0	11	36	16	56	1	0	.225	.270	.398	.668	
 Iannetta, C	LAA	C	115	325	40	73	15	0	11	39	68	100	0	1	.225	.358	.372	.731	
 Santiago, R	DET	2B	80	205	27	46	8	1	1	14	21	32	0	1	.224	.298	.288	.586	
 Ciriaco, P	KC	SS	56	125	9	28	4	2	2	8	9	23	9	1	.224	.279	.336	.615	
 Flaherty, R	BAL	2B	85	246	28	55	11	0	10	27	19	62	2	0	.224	.293	.390	.683	
 Pill, B	SF	1B	48	85	11	19	4	0	3	12	5	17	0	0	.224	.272	.376	.648	
 Carter, C	HOU	1B	148	506	64	113	24	2	29	82	70	212	2	0	.223	.320	.451	.770	
 Duda, L	NYM	1B	100	318	42	71	16	0	15	33	55	102	0	3	.223	.352	.415	.767	
 Adrianza, E	SF	2B	9	18	3	4	1	0	1	3	1	5	0	0	.222	.263	.444	.708	
 Boscan, J	CHC	C	6	9	1	2	1	0	0	0	0	2	0	0	.222	.300	.333	.633	
 Gonzalez, M	CWS	C	5	9	0	2	0	0	0	0	0	3	0	0	.222	.222	.222	.444	
 Greene, T	ATL	2B	22	54	7	12	2	1	1	3	3	19	0	0	.222	.263	.352	.615	
 Kelly, D	DET	3B	112	216	33	48	6	1	6	23	27	28	2	0	.222	.309	.343	.652	
 Quintanilla, O	NYM	SS	95	315	28	70	9	2	2	21	38	70	2	0	.222	.306	.283	.589	
 Buck, J	PIT	C	110	392	39	87	11	0	15	62	29	104	2	1	.222	.288	.365	.652	
 Ruggiano, J	MIA	CF	128	424	49	94	18	1	18	50	41	114	15	8	.222	.298	.396	.694	
 Moore, T	WSH	LF	63	167	16	37	9	0	4	21	8	58	0	0	.222	.260	.347	.607	
 Wallace, B	HOU	1B	79	262	35	58	14	1	13	36	18	104	1	1	.221	.284	.431	.716	
 Florimon, P	MIN	SS	134	403	44	89	17	0	9	44	33	115	15	6	.221	.281	.330	.611	
 Gonzalez, M	HOU	1B	72	204	22	45	8	0	4	14	9	37	6	2	.221	.252	.319	.571	
 Reynolds, M	NYY	1B	135	445	55	98	14	0	21	67	51	154	3	1	.220	.306	.393	.699	
 Murphy, D	TEX	LF	142	436	51	96	26	1	13	45	37	59	1	4	.220	.282	.374	.656	
 Getz, C	KC	2B	78	209	29	46	6	1	1	18	20	24	16	3	.220	.288	.273	.561	
 Giavotella, J	KC	2B	14	41	4	9	3	0	0	4	5	4	0	0	.220	.333	.293	.626	
 Wheeler, R	COL	1B	28	41	1	9	2	0	0	7	1	10	0	0	.220	.238	.268	.506	
 Dunn, A	CWS	1B	149	525	60	115	15	0	34	86	76	189	1	1	.219	.320	.442	.762	
 Noonan, N	SF	2B	62	105	12	23	2	0	0	5	6	24	0	0	.219	.261	.238	.499	
 Youkilis, K	NYY	3B	28	105	12	23	7	0	2	8	8	31	0	0	.219	.305	.343	.648	
 Valaika, C	MIA	2B	22	64	4	14	5	0	1	9	3	16	0	0	.219	.261	.344	.605	
 Crowe, T	HOU	RF	60	165	18	36	7	1	1	13	16	39	6	1	.218	.287	.291	.578	
 Valbuena, L	CHC	3B	108	331	34	72	15	1	12	37	53	63	1	4	.218	.331	.378	.708	
 Clevenger, S	BAL	C	12	23	2	5	1	0	0	2	1	5	0	0	.217	.250	.261	.511	
 McKenry, M	PIT	C	41	115	9	25	6	0	3	14	5	24	0	0	.217	.262	.348	.610	
 Kozma, P	STL	SS	143	410	44	89	20	0	1	35	34	91	3	1	.217	.275	.273	.548	
 Kubel, J	CLE	RF	97	259	21	56	9	1	5	32	29	92	0	1	.216	.293	.317	.610	
 Grandal, Y	SD	C	28	88	13	19	8	0	1	9	18	18	0	0	.216	.352	.341	.693	
 Hannahan, J	CIN	3B	83	139	12	30	5	1	1	14	19	38	0	0	.216	.317	.288	.605	
 Ross, D	BOS	C	36	102	11	22	5	0	4	10	11	42	1	0	.216	.298	.382	.681	
 Terdoslavich, J	ATL	LF	55	79	11	17	4	0	0	4	12	24	1	0	.215	.315	.266	.581	
 Recker, A	NYM	C	50	135	17	29	7	0	6	19	13	49	0	1	.215	.280	.400	.680	
 Morse, M	BAL	LF	88	312	34	67	13	0	13	27	21	87	0	0	.215	.270	.381	.651	
 Snider, T	PIT	RF	111	261	28	56	12	2	5	25	24	75	2	3	.215	.281	.333	.614	
 Casilla, A	BAL	2B	62	112	15	24	4	1	1	10	9	20	9	2	.214	.268	.295	.563	
 Dietrich, D	MIA	2B	57	215	32	46	10	2	9	23	11	56	1	0	.214	.275	.405	.679	
 Zunino, M	SEA	C	52	173	22	37	5	0	5	14	16	49	1	0	.214	.290	.329	.620	
 Thomas, C	MIN	CF	92	290	39	62	15	0	4	13	30	92	1	3	.214	.290	.307	.597	
 Forsythe, L	SD	2B	75	220	22	47	6	1	6	19	19	54	6	1	.214	.281	.332	.613	
 Kratz, E	PHI	C	68	197	21	42	7	0	9	26	18	45	0	0	.213	.280	.386	.666	
 Betancourt, Y	MIL	1B	137	391	35	83	15	1	13	46	14	71	0	0	.212	.240	.355	.595	
 Carroll, J	KC	3B	72	227	26	48	9	0	0	11	17	39	2	1	.211	.267	.251	.518	
 Schafer, L	MIL	LF	134	298	29	63	15	3	4	33	25	60	7	1	.211	.279	.322	.601	
 Stewart, C	NYY	C	109	294	28	62	6	0	4	25	30	49	4	0	.211	.293	.272	.566	
 Hairston, J	LAD	3B	96	204	17	43	7	0	2	22	14	22	0	0	.211	.265	.275	.539	
 Brantly, R	MIA	C	67	223	11	47	9	0	1	18	15	53	0	0	.211	.263	.265	.528	
 Barmes, C	PIT	SS	108	304	22	64	15	0	5	23	14	70	0	0	.211	.249	.309	.558	
 Cowgill, C	LAA	LF	73	152	18	32	5	2	4	16	7	42	1	0	.211	.245	.349	.594	
 Flores, W	NYM	3B	27	95	8	20	5	0	1	13	5	23	0	0	.211	.248	.295	.542	
 Watkins, L	CHC	2B	27	38	2	8	1	0	0	0	3	14	0	0	.211	.268	.237	.505	
 Izturis, C	CIN	SS	63	129	6	27	8	0	0	11	9	13	0	0	.209	.259	.271	.530	
 Krauss, M	HOU	1B	52	134	11	28	9	0	4	13	10	45	2	0	.209	.267	.366	.633	
 Johnson, E	ATL	2B	111	254	27	53	7	3	2	19	16	67	22	2	.209	.255	.283	.538	
 Weeks Jr., R	MIL	2B	104	350	40	73	20	1	10	24	40	105	7	3	.209	.306	.357	.663	
 Hernandez, R	TOR	C	17	48	4	10	2	0	3	6	6	7	1	0	.208	.291	.438	.728	
 Willingham, J	MIN	LF	111	389	42	81	20	0	14	48	66	128	1	0	.208	.342	.368	.709	
 Montero, J	SEA	1B	29	101	6	21	1	1	3	9	8	21	0	1	.208	.264	.327	.590	
 Barney, D	CHC	2B	141	501	49	104	25	1	7	41	36	64	4	2	.208	.266	.303	.569	
 Romine, A	NYY	C	60	135	15	28	9	0	1	10	8	37	1	0	.207	.255	.296	.551	
 Pena, C	KC	1B	89	280	38	58	13	1	8	25	43	92	1	3	.207	.321	.346	.668	
 Den Dekker, M	NYM	CF	27	58	7	12	1	0	1	6	4	23	4	1	.207	.270	.276	.546	
 Peguero, F	SF	LF	18	29	4	6	1	0	1	1	1	2	2	0	.207	.233	.345	.578	
 Phegley, J	CWS	C	65	204	14	42	7	0	4	22	5	41	2	0	.206	.223	.299	.522	
 Pillar, K	TOR	LF	36	102	11	21	4	0	3	13	4	29	0	1	.206	.250	.333	.583	
 Harris, B	TEX	SS	44	107	14	22	4	0	4	9	6	29	0	1	.206	.252	.355	.607	
 Davis, I	NYM	1B	103	317	37	65	14	0	9	33	57	101	4	0	.205	.326	.334	.661	
 Francoeur, J	SF	RF	81	245	20	50	10	2	3	17	9	61	3	0	.204	.238	.298	.536	
 Bay, J	SEA	RF	68	206	30	42	6	0	11	20	26	62	3	1	.204	.298	.393	.691	
 Herrmann, C	MIN	C	57	157	16	32	7	0	4	18	18	49	0	1	.204	.286	.325	.611	
 Gillespie, C	CHC	LF	28	59	6	12	2	0	0	4	7	13	0	0	.203	.294	.237	.531	
 Holt, B	BOS	3B	26	59	9	12	2	0	0	11	7	4	1	0	.203	.275	.237	.513	
 Cruz, T	STL	C	51	123	13	25	6	1	1	13	4	25	0	0	.203	.240	.293	.533	
 Olivo, M	MIA	C	33	74	5	15	2	0	4	9	5	23	0	0	.203	.250	.392	.642	
 Kieschnick, R	SF	LF	38	84	6	17	0	1	0	5	11	29	0	0	.202	.295	.226	.521	
 Hafner, T	NYY	DH	82	262	31	53	8	1	12	37	32	79	2	0	.202	.301	.378	.679	
 D'Arnaud, T	NYM	C	31	99	4	20	3	0	1	5	12	21	0	0	.202	.286	.263	.548	
 Tejada, R	NYM	SS	57	208	20	42	12	0	0	10	15	24	2	1	.202	.259	.260	.519	
 Tracy, C	WSH	3B	92	129	6	26	4	0	4	11	7	25	0	2	.202	.243	.326	.568	
 Borbon, J	CHC	CF	73	105	11	21	3	1	1	3	12	22	7	1	.200	.282	.276	.558	
 Brown, J	MIA	1B	14	15	0	3	1	0	0	5	1	1	0	0	.200	.235	.267	.502	
 Morel, B	CWS	3B	12	25	3	5	0	0	0	1	5	7	1	1	.200	.333	.200	.533	
 Orr, P	PHI	3B	15	20	1	4	0	0	0	0	2	8	0	0	.200	.273	.200	.473	
 Pridie, J	BAL	LF	4	10	0	2	0	0	0	1	0	2	0	0	.200	.200	.200	.400	
 Tovar, W	NYM	SS	7	15	1	3	0	0	0	2	1	3	1	0	.200	.294	.200	.494	
 Wilson, J	ARI	2B	30	60	9	12	1	1	1	4	5	17	0	0	.200	.262	.300	.562	
 Young, C	OAK	CF	107	335	46	67	18	3	12	40	36	93	10	3	.200	.280	.379	.659	
 Fuld, S	TB	LF	118	176	25	35	0	3	2	17	17	28	8	2	.199	.270	.267	.537	
 Hanigan, R	CIN	C	75	222	17	44	8	0	2	21	29	27	0	1	.198	.306	.261	.567	
 Garcia, L	CWS	2B	45	101	10	20	1	1	0	2	7	34	7	2	.198	.248	.228	.475	
 Ryan, B	NYY	SS	104	319	30	63	12	0	4	22	23	73	4	2	.197	.255	.273	.528	
 Perez, H	DET	2B	34	66	13	13	0	1	0	5	2	15	1	0	.197	.217	.227	.445	
 Flowers, T	CWS	C	84	256	24	50	11	0	10	24	14	94	0	1	.195	.247	.355	.603	
 Reimold, N	BAL	LF	40	128	17	25	3	0	5	12	10	41	0	1	.195	.250	.336	.586	
 Arencibia, J	TOR	C	138	474	45	92	18	0	21	55	18	148	0	2	.194	.227	.365	.592	
 Colabello, C	MIN	1B	55	160	14	31	3	0	7	17	20	58	0	1	.194	.287	.344	.631	
 Kotsay, M	SD	LF	104	155	8	30	2	0	1	12	13	25	0	2	.194	.253	.226	.479	
 Gonzalez, A	NYY	SS	24	57	6	11	2	0	1	6	2	12	0	0	.193	.217	.281	.497	
 Adams, D	NYY	3B	43	140	10	27	5	1	2	13	9	43	0	0	.193	.252	.286	.537	
 Shoppach, K	CLE	C	36	109	11	21	7	0	3	9	12	46	0	0	.193	.288	.339	.627	
 Sucre, J	SEA	C	8	26	1	5	0	0	0	3	2	1	0	0	.192	.241	.192	.434	
 Hicks, A	MIN	CF	81	281	37	54	11	3	8	27	24	84	9	3	.192	.259	.338	.597	
 Paredes, J	HOU	RF	48	125	8	24	4	0	1	10	6	44	4	4	.192	.231	.248	.479	
 Gimenez, H	CWS	C	26	68	8	13	4	0	2	10	7	22	0	0	.191	.275	.338	.613	
 Hairston, S	WSH	LF	85	157	18	30	5	0	10	26	9	44	2	0	.191	.237	.414	.651	
 Jeter, D	NYY	SS	17	63	8	12	1	0	1	7	8	10	0	0	.190	.288	.254	.542	
 Rosales, A	TEX	1B	68	147	15	28	5	0	5	12	10	34	0	0	.190	.259	.327	.586	
 Bradley, J	BOS	CF	37	95	18	18	5	0	3	10	10	31	2	0	.189	.280	.337	.617	
 Nieuwenhuis, K	NYM	CF	47	95	10	18	3	1	3	14	12	32	2	0	.189	.278	.337	.615	
 Baxter, M	LAD	RF	74	132	14	25	6	1	0	4	17	28	5	2	.189	.303	.250	.553	
 Ransom, C	CHC	3B	62	169	21	32	10	1	9	20	22	62	0	0	.189	.286	.420	.707	
 Sellers, J	LAD	SS	27	69	6	13	1	0	1	2	5	20	0	0	.188	.263	.246	.510	
 Valdespin, J	NYM	CF	66	133	16	25	3	1	4	16	8	28	4	3	.188	.250	.316	.566	
 Ankiel, R	NYM	CF	45	128	13	24	7	1	7	18	8	60	0	1	.188	.235	.422	.657	
 Bourgeois, J	CIN	CF	9	16	2	3	0	0	1	2	2	4	0	0	.188	.278	.375	.653	
 Marte, A	ARI	LF	22	43	4	8	3	0	0	4	4	12	0	0	.186	.271	.256	.527	
 Quiroz, G	SF	C	43	86	5	16	7	0	1	6	5	21	0	0	.186	.237	.302	.539	
 Hawpe, B	LAA	RF	17	27	2	5	0	0	0	2	5	14	0	0	.185	.313	.185	.498	
 Kearns, A	MIA	RF	19	27	3	5	0	0	0	0	4	8	0	0	.185	.290	.185	.476	
 Brignac, R	COL	SS	46	92	5	17	4	0	1	6	4	30	0	0	.185	.219	.261	.480	
 Mastroianni, D	MIN	LF	30	65	5	12	2	0	0	5	3	23	2	1	.185	.229	.215	.444	
 Andino, R	PIT	2B	29	76	5	14	4	0	0	4	7	27	0	0	.184	.253	.237	.490	
 Upton, M	ATL	CF	126	391	30	72	14	0	9	26	44	151	12	5	.184	.268	.289	.557	
 Marisnick, J	MIA	CF	40	109	6	20	2	1	1	5	6	27	3	1	.183	.231	.248	.478	
 Giambi, J	CLE	DH	71	186	21	34	8	0	9	31	23	56	0	1	.183	.282	.371	.653	
 Duncan, S	TB	LF	20	55	6	10	1	0	2	6	9	14	0	0	.182	.297	.309	.606	
 Martinez, F	HOU	LF	11	33	1	6	0	0	1	3	1	12	0	0	.182	.229	.273	.501	
 Mathis, J	MIA	C	73	232	14	42	7	1	5	29	21	76	0	0	.181	.251	.284	.535	
 Inge, B	PIT	3B	50	105	5	19	3	0	1	7	2	32	0	0	.181	.204	.238	.442	
 Bernadina, R	PHI	LF	112	227	26	41	10	2	4	11	16	65	4	0	.181	.250	.295	.545	
 Kottaras, G	KC	C	46	100	13	18	4	0	5	12	24	42	1	0	.180	.349	.370	.719	
 Snyder, B	BOS	3B	27	50	5	9	3	0	2	7	0	16	0	0	.180	.212	.360	.572	
 Nix, L	PHI	RF	81	128	11	23	4	0	2	7	8	44	1	0	.180	.228	.258	.486	
 Chirinos, R	TEX	C	13	28	3	5	3	0	0	0	2	6	0	0	.179	.233	.286	.519	
 Montz, L	OAK	C	13	28	2	5	3	0	1	5	1	8	0	0	.179	.200	.393	.593	
 Uggla, D	ATL	2B	136	448	60	80	10	3	22	55	77	171	2	0	.179	.309	.362	.671	
 Gosewisch, T	ARI	C	14	45	1	8	2	0	0	3	0	8	0	0	.178	.174	.222	.396	
 Gonzalez, A	MIL	1B	41	113	14	20	3	0	1	8	3	26	0	0	.177	.203	.230	.433	
 Carrera, E	CLE	RF	15	17	3	3	0	0	0	1	1	5	0	0	.176	.300	.176	.476	
 McGuiness, C	TEX	1B	10	34	0	6	1	0	0	1	0	13	0	0	.176	.176	.206	.382	
 Martinez, M	PHI	CF	29	40	5	7	0	0	0	3	0	12	1	0	.175	.175	.175	.350	
 Thole, J	TOR	C	45	120	11	21	3	1	1	8	12	25	0	0	.175	.256	.242	.497	
 Hinske, E	ARI	1B	52	52	2	9	3	0	1	6	6	17	0	0	.173	.259	.288	.547	
 Johnson, R	STL	C	20	35	2	6	1	1	0	2	3	6	0	0	.171	.237	.257	.494	
 Janish, P	ATL	3B	52	41	7	7	2	0	0	2	3	11	0	0	.171	.222	.220	.442	
 Maldonado, M	MIL	C	67	183	13	31	7	1	4	22	13	53	0	0	.169	.236	.284	.520	
 Laird, B	HOU	1B	25	71	7	12	3	0	5	11	3	26	0	0	.169	.224	.423	.646	
 Brown, C	WSH	LF	14	12	2	2	1	0	1	1	3	4	1	0	.167	.333	.500	.833	
 Castellanos, A	BOS	RF	8	18	2	3	1	0	1	1	0	5	0	0	.167	.167	.389	.556	
 Diaz, M	MIA	LF	10	18	1	3	1	0	0	1	1	3	0	0	.167	.211	.222	.433	
 Joseph, C	NYY	2B	2	6	1	1	1	0	0	0	1	1	0	0	.167	.286	.333	.619	
 Kobernus, J	WSH	LF	24	30	8	5	0	0	1	1	5	6	3	2	.167	.306	.267	.572	
 Robinson, C	SD	C	8	12	1	2	0	0	1	3	0	3	0	0	.167	.167	.417	.583	
 Sizemore, S	OAK	2B	2	6	0	1	1	0	0	0	0	2	0	0	.167	.167	.333	.500	
 Teagarden, T	BAL	C	23	60	3	10	2	0	2	5	1	18	0	1	.167	.180	.300	.480	
 Colvin, T	COL	RF	27	75	8	12	0	0	3	10	3	27	0	0	.160	.192	.280	.472	
 Espinosa, D	WSH	SS	44	158	11	25	9	0	3	12	4	47	1	0	.158	.193	.272	.465	
 Wigginton, T	STL	1B	47	57	9	9	2	0	0	3	5	19	0	1	.158	.238	.193	.431	
 Maybin, C	SD	CF	14	51	7	8	1	0	1	5	4	9	4	1	.157	.232	.235	.467	
 Hill, K	MIA	C	18	58	3	9	2	0	0	0	2	18	0	0	.155	.183	.190	.373	
 Chambers, A	STL	LF	25	26	5	4	1	0	0	1	3	11	0	1	.154	.241	.192	.434	
 Decker, J	SD	LF	13	26	3	4	0	0	1	2	3	4	0	1	.154	.233	.269	.503	
 Field, T	LAA	2B	15	26	4	4	0	0	0	0	1	7	0	0	.154	.185	.154	.339	
 Murphy, J	NYY	C	16	26	3	4	1	0	0	1	1	9	0	0	.154	.185	.192	.377	
 Wong, K	STL	2B	32	59	6	9	1	0	0	0	3	12	3	0	.153	.194	.169	.363	
 Fuentes, R	SD	CF	23	33	4	5	0	0	0	1	3	16	3	0	.152	.222	.152	.374	
 Teixeira, M	NYY	1B	15	53	5	8	1	0	3	12	8	19	0	0	.151	.270	.340	.609	
 Baker, J	LAD	C	16	40	0	6	0	0	0	2	6	12	0	0	.150	.261	.150	.411	
 Solano, J	WSH	C	24	48	2	7	2	0	0	2	2	7	0	1	.146	.180	.188	.368	
 Cruz, L	NYY	3B	61	173	18	25	3	0	1	11	6	33	1	0	.145	.190	.179	.369	
 Pagnozzi, M	HOU	C	9	21	1	3	0	0	0	0	1	3	0	0	.143	.182	.143	.325	
 Peterson, S	OAK	1B	2	7	1	1	0	0	0	1	1	3	0	0	.143	.250	.143	.393	
 Susdorf, S	PHI	RF	3	7	1	1	1	0	0	0	0	1	0	0	.143	.143	.286	.429	
 Blanco, H	SEA	C	50	134	11	19	5	0	3	14	14	36	0	0	.142	.228	.246	.474	
 Pie, F	PIT	LF	27	29	5	4	1	0	0	2	2	13	1	2	.138	.194	.172	.366	
 Triunfel, C	SEA	SS	17	44	1	6	1	0	0	2	0	11	0	0	.136	.152	.159	.311	
 Neal, T	CHC	LF	6	15	1	2	0	0	0	0	1	4	0	0	.133	.235	.133	.369	
 Wells, C	PHI	LF	52	95	6	12	2	0	0	1	7	31	0	1	.126	.186	.147	.334	
 Lalli, B	ARI	C	16	24	1	3	0	0	0	2	0	7	0	0	.125	.125	.125	.250	
 Marrero, C	WSH	1B	8	16	0	2	0	0	0	1	0	4	0	0	.125	.125	.125	.250	
 Monell, J	SF	C	8	8	2	1	0	0	0	1	0	3	0	0	.125	.222	.125	.347	
 Perez, E	WSH	CF	9	8	1	1	0	0	0	0	0	3	1	0	.125	.125	.125	.250	
 Prince, J	MIL	CF	8	8	3	1	1	0	0	0	1	1	0	0	.125	.222	.250	.472	
 Lillibridge, B	NYY	3B	20	59	2	7	1	0	0	5	1	17	1	0	.119	.133	.136	.269	
 Parrino, A	OAK	SS	14	34	2	4	2	0	0	1	2	12	0	0	.118	.167	.176	.343	
 McDonald, J	BOS	2B	51	69	8	8	1	0	1	4	6	16	0	0	.116	.197	.174	.371	
 Francisco, B	SD	LF	21	44	4	5	0	0	1	1	5	11	0	0	.114	.220	.182	.402	
 Rodriguez, H	CIN	2B	9	9	0	1	0	0	0	0	1	4	0	0	.111	.200	.111	.311	
 Weeks, J	OAK	2B	8	9	3	1	0	0	0	0	0	5	0	0	.111	.111	.111	.222	
 Buss, N	LAD	CF	8	19	0	2	0	0	0	0	1	1	0	0	.105	.150	.105	.255	
 Clark, C	HOU	C	16	38	1	4	1	0	0	0	1	15	0	0	.105	.128	.132	.260	
 Ishikawa, T	CWS	1B	7	19	0	2	0	0	0	1	1	10	0	0	.105	.150	.105	.255	
 Butera, D	LAD	C	6	10	0	1	0	0	0	0	0	5	0	0	.100	.100	.100	.200	
 Snyder, C	BAL	C	9	20	0	2	0	0	0	1	4	7	0	0	.100	.250	.100	.350	
 Peterson, B	STL	LF	23	26	0	2	0	0	0	2	2	11	0	0	.077	.143	.077	.220	
 Liddi, A	BAL	1B	8	17	0	1	1	0	0	0	1	7	0	0	.059	.111	.118	.229	
 Anderson, B	CWS	C	10	18	1	1	1	0	0	2	1	5	0	0	.056	.105	.111	.216	
 Taylor, M	OAK	RF	9	23	0	1	0	0	0	0	2	5	0	0	.043	.120	.043	.163	
 Bantz, B	SEA	C	1	2	0	0	0	0	0	0	0	1	0	0	.000	.000	.000	.000	
 Betemit, W	BAL	3B	6	10	0	0	0	0	0	0	0	3	0	0	.000	.000	.000	.000	
 Bethancourt, C	ATL	C	1	1	0	0	0	0	0	0	0	1	0	0	.000	.000	.000	.000	
 Cousins, S	LAA	CF	7	4	1	0	0	0	0	0	1	3	0	0	.000	.200	.000	.200	
 Curtis, J	STL	LF	5	3	0	0	0	0	0	0	1	1	0	0	.000	.400	.000	.400	
 Diaz, J	BOS	2B	5	4	2	0	0	0	0	0	0	0	0	0	.000	.000	.000	.000	
 Jackson, R	STL	3B	7	7	0	0	0	0	0	0	0	2	0	0	.000	.000	.000	.000	
 Johnson, D	BAL	1B	3	5	0	0	0	0	0	0	0	1	0	0	.000	.000	.000	.000	
 Kotchman, C	MIA	1B	6	20	0	0	0	0	0	1	1	1	0	0	.000	.048	.000	.048	
 LaRoche, A	TOR	3B	1	4	0	0	0	0	0	0	0	1	0	0	.000	.000	.000	.000	
 Leon, S	WSH	C	2	1	0	0	0	0	0	0	0	1	0	0	.000	.000	.000	.000	
 Lerud, S	PHI	C	6	5	0	0	0	0	0	0	0	4	0	0	.000	.000	.000	.000	
 Marson, L	CLE	C	3	3	0	0	0	0	0	0	2	0	0	0	.000	.400	.000	.400	
 Perez, A	STL	C	2	1	0	0	0	0	0	0	0	1	0	0	.000	.000	.000	.000	
 Phelps, C	CLE	2B	4	9	0	0	0	0	0	0	0	2	0	0	.000	.000	.000	.000	
 Sanchez, A	CWS	2B	1	2	0	0	0	0	0	0	0	0	0	0	.000	.000	.000	.000	
 Santos, O	CLE	C	1	1	0	0	0	0	0	0	0	0	0	0	.000	.000	.000	.000	
 Skipworth, K	MIA	C	4	3	0	0	0	0	0	0	1	1	0	0	.000	.250	.000	.250	
 Soto, N	CIN	1B	13	12	0	0	0	0	0	0	0	6	0	0	.000	.077	.000	.077	
 Velazquez, G	MIA	3B	1	1	0	0	0	0	0	0	0	0	0	0	.000	.000	.000	.000	
 Worth, D	DET	3B	3	2	0	0	0	0	0	0	0	1	0	0	.000	.000	.000	.000	
 Guzman, F	TB	DH	1	0	1	0	0	0	0	0	0	0	1	0	-	-	-	.000	
 Hester, J	LAA	C	1	0	1	0	0	0	0	0	1	0	0	0	-	1.000	-	1.000	
 Kiermaier, K	TB	CF	1	0	0	0	0	0	0	0	0	0	0	0	-	-	-	.000	
 Nickeas, M	TOR	C	1	0	0	0	0	0	0	0	0	0	0	0	-	-	-	.000	
 Richards, G	-	-	4	0	0	0	0	0	0	0	0	0	0	0	-	-	-	.000	
